Station,Location,Place,Role,Start Date,End Date
A11,10,Alfredton,Short Period,1993-02-01T01:23:00Z,1993-02-21T08:48:00Z
ABAZ,10,Whangaparaoa Navy Base,,2008-10-13T04:00:00Z,9999-01-01T00:00:00Z
AC1A,10,Wards Pass #1,,2001-09-12T03:00:01Z,2002-01-22T22:00:00Z
AC2A,10,Wards Pass #2,,2001-09-13T02:00:01Z,2002-01-22T22:00:00Z
AC3A,10,Acheron,,2001-07-31T23:00:00Z,2002-01-22T23:00:00Z
AC4A,10,Acheron,Short Period,2001-08-01T01:00:00Z,2002-01-22T23:00:00Z
AC5A,10,Wards Pass #5,,2001-08-01T04:00:00Z,2001-11-27T23:00:00Z
AGA,10,Angora Road,Short Period,1990-02-20T22:33:00Z,1992-04-07T17:01:00Z
AHAA,10,Ahaura,Short Period,1995-11-19T17:31:00Z,1995-12-12T01:28:00Z
AIRO,10,Airedale,Portable,2014-09-18T03:00:00Z,2015-04-15T02:00:00Z
AKCZ,10,Akaroa Harbour,,2012-03-01T00:00:00Z,9999-01-01T00:00:00Z
ALLC,10,"Allen Road, Pureora",Short Period,2001-02-13T16:17:00Z,2001-07-07T18:55:00Z
ALRZ,10,Allen Road Cliffs,,2007-11-07T02:00:00Z,9999-01-01T00:00:00Z
AMCZ,10,"Amberley, Maskells Rd",,2012-06-26T23:00:01Z,9999-01-01T00:00:00Z
AMF,10,Ambury Farm,,2008-03-11T22:01:00Z,2008-03-14T00:00:00Z
AN01,10,"Cape Bird, Antarctica",,1999-10-30T00:00:02Z,2000-01-21T23:59:59Z
AN02,10,"Cape Roberts, Antarctica",,1999-11-02T00:00:02Z,2000-01-22T00:00:00Z
AN03,10,"Sperm Bluff, Antarctica",,1999-11-03T00:00:02Z,2000-01-22T00:00:00Z
AN04,10,"Marble Point, Antarctica",,1999-11-03T00:00:02Z,2000-01-22T00:00:00Z
AN05,10,"Butter Point, Antarctica",,1999-11-03T00:00:02Z,2000-01-22T00:00:00Z
AN06,10,"Lower Wright Valley, Antarctica",,1999-11-08T00:00:02Z,2000-01-22T00:00:00Z
AN07,10,"Labyrinth, Antarctica",,1999-11-08T00:00:02Z,2000-01-23T00:00:00Z
AN08,10,"Mount Fleming, Antarctica",,1999-11-09T00:00:02Z,2000-01-23T00:00:00Z
AN09,10,"Table Mountain, Antarctica",,1999-12-07T00:00:02Z,2000-01-21T00:00:00Z
AN10,10,"Lake Chad, Antarctica",,1999-12-07T00:00:02Z,2000-01-21T00:00:00Z
ANWZ,10,Angora Road,,2008-08-07T00:05:00Z,9999-01-01T00:00:00Z
APZ,10,The Paps,,2006-05-07T03:23:54Z,9999-01-01T00:00:00Z
APZ,20,The Paps,,2006-05-07T03:23:54Z,9999-01-01T00:00:00Z
ARAZ,10,Aratiatia Landcorp Farm,,2007-05-20T23:00:00Z,9999-01-01T00:00:00Z
ARCZ,10,Arundel,,2014-05-13T00:05:00Z,9999-01-01T00:00:00Z
ARHZ,10,Aropaoanui,,2010-03-11T21:16:00Z,9999-01-01T00:00:00Z
ARKE,10,Arakihi,Short Period,1994-07-22T05:17:00Z,1994-12-12T23:16:00Z
ARPA,10,Arthurs Pass,,1995-11-11T00:00:01Z,1996-04-07T23:59:59Z
ARPC,10,Lake Arapuni Road,Short Period,2001-01-19T23:54:00Z,2001-07-04T07:21:00Z
ASHV,10,Ash Pit Road,Short Period,1995-01-11T00:56:00Z,1995-05-28T18:20:00Z
AUCT,40,Devonport Naval Base,,2009-03-26T00:00:00Z,9999-01-01T00:00:00Z
AUCT,41,Devonport Naval Base,,2009-03-26T00:00:00Z,9999-01-01T00:00:00Z
AVIO,10,Aviemore,Portable,2014-09-17T22:30:00Z,2015-04-15T00:00:00Z
AVNE,10,Avondale,Short Period,1994-07-24T04:56:00Z,1994-12-12T02:13:00Z
AVOA,10,Avoca River,Short Period,1994-06-22T02:04:00Z,1994-07-05T21:39:00Z
AWAC,10,Awanui,Short Period,2001-01-14T23:52:00Z,2001-06-24T14:11:00Z
AWAZ,10,Awhitu Peninsula,,2010-12-14T01:00:00Z,9999-01-01T00:00:00Z
AXZ,10,Alexandra,Short Period,1996-03-07T02:15:00Z,2004-08-30T20:34:00Z
BB0,10,"Mount Priestley, David Glacier, Antarctica",,2003-11-12T00:00:00Z,2004-01-21T00:00:00Z
BB1,10,"Mount Joyce, David Glacier, Antarctica",,2003-11-13T00:00:01Z,2004-01-22T00:00:00Z
BB2,10,"Hughes Bluff, David Glacier, Antarctica",,2003-11-17T00:00:00Z,2004-01-22T00:00:00Z
BB4,10,"Trio, David Glacier, Antarctica",,2003-11-14T00:00:00Z,2004-01-21T00:00:00Z
BBCX,10,Breaker Bay Cliff,,2015-03-24T00:10:00Z,9999-01-01T00:00:00Z
BBCX,20,Breaker Bay Cliff,,2015-03-31T00:00:00Z,9999-01-01T00:00:00Z
BBE,10,Sinclair Castle,Short Period,1991-01-30T22:08:00Z,1991-02-04T22:02:00Z
BBNN,10,Bluff Hill,Short Period,1994-04-15T09:01:00Z,1994-05-16T15:38:00Z
BCE,10,Braida Crags,Short Period,1989-06-05T07:12:00Z,1989-06-19T17:30:00Z
BCKZ,30,Raoul Island Boat Cove,,2009-05-18T01:00:00Z,9999-01-01T00:00:00Z
BCOF,10,North of Bare Cone,Portable,2007-10-17T22:20:02Z,2007-11-27T22:00:00Z
BCZ,10,Braida Crags,Short Period,1990-05-28T11:33:00Z,1993-07-16T15:59:00Z
BDAF,10,Bend Point,Short Period,1993-08-15T01:00:00Z,1993-08-17T07:03:00Z
BDPF,10,Bend Point,Short Period,1993-03-19T23:49:00Z,1993-06-25T07:28:00Z
BEAA,10,Bealy Hotel,Short Period,1994-06-19T06:48:00Z,1994-06-20T21:26:00Z
BFZ,10,Birch Farm,,2003-07-30T05:00:00Z,9999-01-01T00:00:00Z
BFZ,10,Birch Farm,Short Period,1996-04-03T16:10:00Z,2003-06-12T13:03:00Z
BFZ,20,Birch Farm,,2003-07-30T05:00:00Z,9999-01-01T00:00:00Z
BGLC,10,Bouguer Low,Short Period,2001-01-18T06:17:00Z,2001-07-04T07:12:00Z
BHHZ,10,Black Hill Station,,2008-06-12T00:00:01Z,2019-01-09T00:00:00Z
BHHZ,10,Black Hill Station,,2020-02-12T22:04:00Z,9999-01-01T00:00:00Z
BHW,10,Baring Head,,2003-06-14T10:00:00Z,9999-01-01T00:00:00Z
BHW,14,Baring Head,,2003-06-14T10:00:00Z,2003-09-13T01:00:00Z
BKZ,10,Black Stump Farm,,2004-02-11T02:00:00Z,9999-01-01T00:00:00Z
BKZ,20,Black Stump Farm,,2004-02-11T02:00:00Z,9999-01-01T00:00:00Z
BLAA,10,Blackball,Short Period,1995-11-11T00:00:01Z,1996-04-21T23:59:59Z
BLTA,10,Blue Lookout Tarn,Short Period,1994-01-27T08:04:00Z,1994-04-22T19:58:00Z
BLUC,10,Bluff Hill,Short Period,2001-01-12T08:57:00Z,2001-06-26T15:50:00Z
BNDC,10,Bennydale Mine,Short Period,2001-01-19T04:46:00Z,2001-02-25T00:13:00Z
BPGG,10,Blue Pacific Motel,Short Period,1993-08-11T16:25:00Z,1993-08-11T16:27:00Z
BRAH,10,Browning Range,Short Period,2005-05-03T23:29:00Z,2005-05-17T15:18:00Z
BRIO,10,Brighton,Portable,2014-03-10T21:32:00Z,2014-10-06T00:30:00Z
BRKS,10,Breaksea Sound,Portable A,2009-07-17T00:00:01Z,2009-12-10T06:18:00Z
BRKS,20,Breaksea Sound,Portable B,2009-07-17T00:00:01Z,2009-09-14T22:42:00Z
BSWZ,10,Blackbirch Station,,2003-12-09T00:00:00Z,9999-01-01T00:00:00Z
BSWZ,20,Blackbirch Station,,2016-12-08T02:00:00Z,9999-01-01T00:00:00Z
BSZ,10,Bushy Park,Short Period,1990-06-20T05:14:00Z,2003-11-27T03:07:00Z
BWZ,10,Berwen Station,Short Period,1991-02-20T11:46:00Z,2004-06-21T22:39:00Z
BYTT,10,Blyth track,,2008-02-13T16:01:00Z,2008-11-21T01:00:00Z
CAPE,10,East Cape Lighthouse,Short Period,1994-08-05T00:41:00Z,1994-08-25T11:41:00Z
CARD,10,Cairn Hill,Portable,2010-09-04T23:23:02Z,2010-09-29T00:00:00Z
CASA,10,Glenthorne,Short Period,1994-06-19T20:22:00Z,1994-08-06T11:15:00Z
CASM,10,Castle River,Short Period,1993-10-18T05:51:00Z,1994-03-11T20:39:00Z
CAW,10,Cannon Point,,2003-05-20T02:00:00Z,9999-01-01T00:00:00Z
CAW,11,Cannon Point,,2003-05-20T02:00:00Z,2003-05-20T03:00:00Z
CCKO,10,Cattle Creek,Portable,2014-10-11T02:01:00Z,2015-04-11T21:00:00Z
CCW,10,Cape Campbell,,2003-06-15T04:50:00Z,2003-06-19T13:30:00Z
CCW,11,Cape Campbell,,2003-06-15T04:50:00Z,2004-04-13T20:00:00Z
CDZ,10,Cobb Dam Surge Chamber,Short Period,1989-12-02T16:12:00Z,1990-04-25T19:32:00Z
CG1F,10,Control Gates 1,Short Period,1993-03-21T05:10:00Z,1993-06-16T05:18:00Z
CHE,10,Centre Hill,Short Period,1989-06-04T06:22:00Z,1989-06-08T08:18:00Z
CHIT,40,Owenga,,2007-12-16T00:00:00Z,9999-01-01T00:00:00Z
CHIT,41,Owenga,,2007-12-16T00:00:00Z,9999-01-01T00:00:00Z
CHST,40,Charleston Constant Bay,,2015-06-25T00:00:00Z,9999-01-01T00:00:00Z
CHST,41,Charleston Constant Bay,,2015-06-25T00:00:00Z,9999-01-01T00:00:00Z
CKCJ,10,Cranky Creek,Short Period,2001-12-10T03:28:00Z,2001-12-27T02:46:00Z
CKHZ,10,Cape Kidnappers,,2007-08-29T03:00:00Z,9999-01-01T00:00:00Z
CLAM,10,Clarence,Short Period,1993-10-18T05:51:00Z,1994-03-04T16:26:00Z
CLFO,10,Clifton,Portable,2014-03-14T22:02:00Z,2014-09-12T00:00:00Z
CMWS,20,Cape Campbell Strong Motion,,2013-07-24T03:00:25Z,2013-11-19T10:00:00Z
CMWZ,10,Cape Campbell,,2003-12-10T19:00:02Z,9999-01-01T00:00:00Z
CMWZ,20,Cape Campbell,,2016-12-05T06:30:00Z,9999-01-01T00:00:00Z
CMWZ,20,Cape Campbell Strong Motion,,2013-07-24T03:00:10Z,2013-07-24T03:00:15Z
CNGZ,10,Carnagh Station,,2007-08-04T00:01:00Z,9999-01-01T00:00:00Z
COHF,10,Colonial Head,Short Period,2003-08-24T01:47:00Z,2003-09-15T15:11:00Z
CONM,10,Conway River,Short Period,1993-10-22T23:39:00Z,1994-03-11T13:07:00Z
CONO,10,Conical Hill Otago,Portable,2014-03-16T20:20:00Z,2014-09-12T00:00:00Z
COVZ,10,Chateau Observatory,,2009-11-01T23:31:00Z,9999-01-01T00:00:00Z
COVZ,30,Chateau Observatory,,2010-11-30T22:30:01Z,9999-01-01T00:00:00Z
COVZ,30,Chateau Observatory,Acoustic,2007-03-09T00:01:00Z,2010-11-30T22:30:00Z
COVZ,31,Chateau Observatory,,2014-04-01T23:40:00Z,2015-02-23T00:00:00Z
COVZ,32,Chateau Observatory,EARSS Network,1998-03-25T22:51:00Z,1998-06-11T09:00:00Z
COVZ,32,Chateau Observatory,Quanterra Network,1999-12-01T00:00:00Z,2000-11-28T18:46:00Z
COVZ,90,Chateau Observatory,Acoustic,2009-11-15T01:00:00Z,2010-11-30T22:30:00Z
CPE,10,Cape Palliser,Short Period,1990-10-05T11:52:00Z,1990-10-07T19:26:00Z
CPIT,40,Castlepoint,,2009-09-16T00:00:00Z,9999-01-01T00:00:00Z
CPIT,41,Castlepoint,,2009-09-16T00:00:00Z,9999-01-01T00:00:00Z
CPWZ,10,Castlepoint Station,,2009-07-07T01:00:00Z,9999-01-01T00:00:00Z
CREC,10,Crestridge,Short Period,2001-01-09T11:09:00Z,2001-06-24T11:39:00Z
CRGZ,10,Rukuhanga Station,,2016-09-03T23:25:01Z,9999-01-01T00:00:00Z
CRGZ,20,Rukuhanga Station,,2016-09-03T23:30:00Z,9999-01-01T00:00:00Z
CRLZ,10,Canterbury Ring Laser,,2003-03-12T00:00:01Z,9999-01-01T00:00:00Z
CRLZ,10,Canterbury Ring Laser,Ring Laser,1996-02-22T22:00:00Z,2003-03-12T00:00:00Z
CRLZ,20,Canterbury Ring Laser,,2003-03-12T00:00:01Z,9999-01-01T00:00:00Z
CRSZ,10,Clarence River Middle Hill,,2016-11-15T05:20:01Z,9999-01-01T00:00:00Z
CRSZ,20,Clarence River Middle Hill,,2016-11-15T05:20:01Z,9999-01-01T00:00:00Z
CS1A,10,Castle Hill Station,Short Period,1995-11-09T00:00:01Z,1995-11-27T00:00:00Z
CS2F,10,Charles Sound 2,Short Period,2003-09-25T01:21:00Z,2004-04-28T06:04:00Z
CSCP,10,Craig's Peak,Portable,2013-07-23T00:00:10Z,2013-11-19T10:00:00Z
CSCS,20,Craig's Peak strong-motion,,2013-07-23T00:00:10Z,2013-11-19T10:00:00Z
CSCV,10,Christiana Ski Club,Short Period,1995-10-21T02:28:00Z,1995-12-25T17:16:00Z
CSKK,10,Kekerengu Valley Road,,2013-07-24T00:00:20Z,2013-11-19T10:00:00Z
CSOY,10,Oyster Bay,Portable,2013-07-23T03:00:25Z,2013-11-19T10:00:00Z
CSSR,10,South Renwick,Portable,2013-07-23T22:42:10Z,2013-11-19T10:00:00Z
CSWB,10,White Bluffs,Portable,2013-07-23T05:20:10Z,2013-11-19T10:00:00Z
CSWC,10,White Bluffs Solar Site with Comms,,2013-07-24T05:05:00Z,2013-11-19T10:00:00Z
CSWS,20,White Bluffs strong-motion,,2013-07-23T05:20:10Z,2013-11-19T10:00:00Z
CTND,10,Courtenay,Portable,2010-09-05T01:35:02Z,2010-09-29T00:00:00Z
CTZ,10,Wharekauri,,2007-12-15T07:00:00Z,9999-01-01T00:00:00Z
CTZ,20,Wharekauri,,2007-12-15T07:00:00Z,9999-01-01T00:00:00Z
CVZ,10,Cave West Timaru,,2014-05-16T00:00:15Z,9999-01-01T00:00:00Z
DAGG,10,Dagg Sound,Portable,2009-07-17T02:08:00Z,2009-09-14T21:34:00Z
DCE,10,Deep Cove,Short Period,1989-06-03T02:49:00Z,1989-06-09T18:00:00Z
DCVF,10,Duck Cove,Short Period,1993-03-22T04:51:00Z,1993-06-19T07:27:00Z
DCZ,10,Deep Cove,,2005-07-23T00:00:00Z,9999-01-01T00:00:00Z
DCZ,20,Deep Cove,,2005-07-23T00:00:00Z,2015-10-22T00:00:00Z
DCZ,20,Deep Cove,Strong Motion,2015-10-22T05:00:01Z,9999-01-01T00:00:00Z
DIW,11,D'Urville Island,,2003-12-10T00:00:00Z,2004-06-08T01:00:00Z
DKCV,10,Duck Cove,Portable,2009-07-16T22:47:00Z,2009-09-15T06:13:00Z
DKRV,10,Dunkirk Road,Short Period,1995-01-10T09:13:00Z,1995-06-04T10:05:00Z
DOUA,10,Double Hill,Short Period,1994-06-20T00:47:00Z,1994-06-29T07:49:00Z
DREZ,10,Durham Road,,2008-03-04T21:00:00Z,9999-01-01T00:00:00Z
DRZ,10,Dome Shelter,,2004-06-15T23:00:00Z,2017-11-01T01:09:00Z
DRZ,11,Chateau Observatory,Telemetry,2004-06-15T23:00:00Z,2010-11-23T00:00:00Z
DSZ,10,Denniston North,,1998-10-15T00:00:00Z,9999-01-01T00:00:00Z
DSZ,10,Denniston North,Short Period,1990-02-20T16:19:00Z,1998-09-23T00:04:00Z
DSZ,20,Denniston North,,1998-10-15T00:00:00Z,9999-01-01T00:00:00Z
DUNX,10,Duncan Road,Portable,2006-07-24T01:00:01Z,2006-08-17T05:00:00Z
DUVC,10,Duvauchelle,Portable,2011-02-27T23:15:29Z,2011-10-19T00:22:44Z
DUWZ,10,D'Urville Island,,2003-12-10T00:00:00Z,9999-01-01T00:00:00Z
DUWZ,20,D'Urville Island,,2011-02-24T00:00:05Z,9999-01-01T00:00:00Z
DVHZ,10,Pukeatua Road,,2008-01-14T02:15:00Z,9999-01-01T00:00:00Z
EAZ,10,Earnscleugh,,2004-11-01T00:00:00Z,9999-01-01T00:00:00Z
EAZ,20,Earnscleugh,,2004-11-01T00:00:00Z,9999-01-01T00:00:00Z
EDRZ,10,Mount Edgecumbe,,2006-02-16T00:00:01Z,9999-01-01T00:00:00Z
ELAC,10,Eland,Short Period,2001-01-10T22:16:00Z,2001-06-26T15:50:00Z
ELDF,10,South of Mount Elder,Portable,2007-10-17T21:00:02Z,2007-11-27T22:00:00Z
EPAV,10,East Paeroa,Short Period,1995-01-11T09:50:00Z,1995-06-06T20:11:00Z
EPAZ,10,Eden Park,,2011-08-23T00:01:00Z,9999-01-01T00:00:00Z
ERQV,10,Earthquake Flat Road,Short Period,1995-01-12T03:16:00Z,1995-06-06T20:12:00Z
ERRV,10,Earle Road Rocks,Short Period,1995-01-26T20:32:00Z,1995-06-08T17:54:00Z
ERUV,10,Erua,Short Period,1995-09-26T01:42:00Z,1999-10-26T23:21:00Z
ESKC,10,Esk,Short Period,2001-01-11T13:46:00Z,2001-06-03T02:50:00Z
ESND,10,Essendon,Portable,2010-09-05T02:53:04Z,2010-09-29T00:00:00Z
ETAZ,10,East Tamaki Reservoir,,2010-02-11T00:00:03Z,9999-01-01T00:00:00Z
ETVZ,10,East Tongariro,,2014-03-12T00:00:00Z,9999-01-01T00:00:00Z
ETVZ,30,East Tongariro,,2014-03-11T00:01:00Z,9999-01-01T00:00:00Z
EWZ,10,Erewhon,Short Period,1991-03-21T03:43:00Z,2001-07-02T14:38:00Z
EXPV,10,Express,Short Period,1995-10-25T03:58:00Z,1995-11-24T06:22:00Z
EYCZ,10,Eyrewell,,2012-03-20T21:00:01Z,2013-12-02T22:00:00Z
FABM,10,Fabian's Valley,Short Period,1993-10-18T22:25:00Z,1994-03-11T20:54:00Z
FBYF,10,"Black Point, Fiordland",Short Period,2003-08-24T00:33:00Z,2003-09-15T22:00:00Z
FLAM,10,Flaxbourne,Short Period,1994-03-05T12:33:00Z,1994-03-12T23:06:00Z
FMR,10,Four Mile River,Short Period,1991-01-30T06:09:00Z,1991-02-04T20:43:00Z
FOLT,10,Folgers Hill,Short Period,1993-04-12T09:46:00Z,1993-04-25T20:07:00Z
FOW,10,Fowlers,Short Period,1990-02-14T22:30:00Z,1990-02-15T19:46:00Z
FOXA,10,Fox Glacier,Short Period,1997-09-24T15:36:00Z,1997-10-26T14:02:00Z
FOZ,10,The Sugar Loaf Quarry,,2004-10-13T00:00:00Z,2015-09-22T18:00:00Z
FOZ,11,The Sugar Loaf Quarry,,2015-09-23T05:30:00Z,9999-01-01T00:00:00Z
FOZ,20,The Sugar Loaf Quarry,,2004-10-13T00:00:02Z,2015-09-24T23:59:59Z
FOZ,21,The Sugar Loaf Quarry,,2015-09-25T00:00:00Z,2017-03-15T23:59:59Z
FOZ,21,The Sugar Loaf Quarry,Strong Motion,2017-03-16T00:00:00Z,9999-01-01T00:00:00Z
FRBF,10,Mount Forbes,Short Period,2000-11-03T23:02:00Z,2000-11-22T06:45:00Z
FRDF,10,Diamond Lake,Short Period,1993-03-23T08:51:00Z,1993-03-23T22:06:00Z
FRJA,10,Caravans Knob,Short Period,1995-11-12T00:00:01Z,1996-04-19T23:59:59Z
FWVZ,10,Far West,,1999-05-11T00:00:00Z,9999-01-01T00:00:00Z
FWVZ,30,Far West,,2001-07-05T01:30:00Z,9999-01-01T00:00:00Z
GBIH,41,Great Barrier Island Navy Field Station,,2007-06-12T00:00:00Z,9999-01-01T00:00:00Z
GBIH,42,Great Barrier Island Navy Field Station,,2007-06-12T00:00:00Z,9999-01-01T00:00:00Z
GBIH,43,Great Barrier Island Navy Field Station,,2007-06-12T00:00:00Z,9999-01-01T00:00:00Z
GBIT,40,Korotiti Bay,,2010-07-26T00:00:00Z,9999-01-01T00:00:00Z
GBIT,41,Korotiti Bay,,2010-07-26T00:00:00Z,9999-01-01T00:00:00Z
GCSZ,10,Whataroa Gaunt Creek,,2012-04-20T00:00:01Z,9999-01-01T00:00:00Z
GIAV,10,Giant,Short Period,1995-11-07T01:39:00Z,1995-12-11T07:26:00Z
GIST,40,Eastland Port,,2008-03-10T00:00:00Z,9999-01-01T00:00:00Z
GIST,41,Eastland Port,,2008-03-10T00:00:00Z,9999-01-01T00:00:00Z
GISX,10,Patutahi,Portable,2006-07-22T21:00:01Z,2006-08-17T05:00:00Z
GLAA,10,Gillespies Beach,Short Period,1997-09-20T07:06:00Z,1997-10-28T02:47:00Z
GLET,10,Glencoe,Short Period,1993-04-12T09:46:00Z,1993-04-25T09:39:00Z
GLKZ,10,Raoul Island Green Lake,,2009-05-19T00:00:00Z,9999-01-01T00:00:00Z
GLKZ,40,Raoul Island Green Lake,,2009-05-19T00:00:00Z,9999-01-01T00:00:00Z
GLKZ,80,Raoul Island Green Lake,,2009-05-18T00:00:01Z,9999-01-01T00:00:00Z
GLKZ,81,Raoul Island Green Lake,,2009-05-18T00:00:01Z,9999-01-01T00:00:00Z
GLWS,21,Glynn Wye,Strong Motion,2019-10-23T19:45:00Z,2020-07-23T20:19:00Z
GNSW,30,Old GNS Wairakei,,2006-08-31T00:00:02Z,2007-01-24T01:00:00Z
GNSW,31,Old GNS Wairakei,,2006-08-31T00:00:02Z,2007-01-24T01:00:00Z
GOHM,10,Goat Hill,Short Period,1993-10-22T10:34:00Z,1994-02-27T20:08:00Z
GR1A,10,Upcot,,2001-07-31T00:00:00Z,2002-01-22T02:00:00Z
GR2A,10,"Glenlee, Awatere Valley #2",,2001-07-31T02:00:02Z,2002-01-22T03:00:00Z
GR3A,10,"Glenlee, Awatere Valley #3",,2001-07-30T22:00:01Z,2002-01-22T03:00:00Z
GR4A,10,"Glenlee, Awatere Valley #3",Short Period,2001-07-30T22:00:00Z,2002-01-21T14:00:00Z
GR5A,10,Glenlee,,2001-07-29T00:00:01Z,2002-01-22T04:00:00Z
GRAM,10,Graham Valley,Short Period,1993-10-24T08:36:00Z,1994-03-01T16:34:00Z
GRMA,10,Grampians Station,Short Period,1995-11-17T00:00:01Z,1996-04-16T23:59:59Z
GRRZ,10,Galatos Road - Hughes Farm,,2009-11-13T01:00:00Z,9999-01-01T00:00:00Z
GRYO,10,Grays,Portable,2014-10-13T21:30:00Z,2015-04-09T22:00:00Z
GRZ,10,Sanderson Farm,,2010-05-10T00:00:01Z,9999-01-01T00:00:00Z
GRZ,20,Sanderson Farm,,2010-05-13T00:00:00Z,9999-01-01T00:00:00Z
GSXX,10,Glenlee Station,Portable,2013-08-21T10:10:00Z,2013-11-19T10:00:00Z
GULV,10,Gully Road,Short Period,1995-01-12T03:16:00Z,1995-06-03T01:43:00Z
GUY,10,Lake Guyon,Short Period,1990-02-14T03:26:00Z,1990-02-15T05:49:00Z
GV2V,10,Gavin Road,Short Period,1995-01-17T10:03:00Z,1995-06-06T20:11:00Z
GVRV,10,Gavin Road,Short Period,1995-01-11T09:50:00Z,1995-01-15T11:22:00Z
GVZ,10,Greta Valley,,2012-12-04T05:00:00Z,9999-01-01T00:00:00Z
HAAA,10,Landsborough Station,Short Period,1995-11-16T00:00:01Z,1996-04-19T23:59:59Z
HALA,10,Halpin's Creek,Short Period,1994-06-22T03:48:00Z,1994-07-06T02:02:00Z
HAMO,10,Hampden,Portable,2014-09-19T00:01:00Z,2015-04-12T05:00:00Z
HAN,10,Hanmer Springs,Short Period,1990-02-11T10:10:00Z,1990-02-14T18:51:00Z
HARA,10,Mount Harry,Short Period,1994-06-23T21:33:00Z,1994-07-01T23:57:00Z
HATZ,10,Hinemaiaia,,2003-04-15T13:00:02Z,9999-01-01T00:00:00Z
HAZ,10,Maungaroa Station,,2010-01-14T10:05:00Z,9999-01-01T00:00:00Z
HAZ,20,Maungaroa Station,,2010-01-14T10:05:00Z,2018-01-10T23:30:00Z
HBAZ,10,Bayfield Park Herne Bay,,2009-08-07T00:00:02Z,9999-01-01T00:00:00Z
HBZ,10,Hicks Bay Motel Lodge,Short Period,1988-09-20T04:59:00Z,2004-03-01T22:10:00Z
HCKF,10,Henry Creek,Short Period,1993-08-12T23:16:00Z,1993-08-31T03:48:00Z
HD50,10,HADES 50,Portable,2016-07-18T01:54:03Z,9999-01-01T00:00:00Z
HD57,10,HADES 57,Portable,2016-03-09T02:00:02Z,9999-01-01T00:00:00Z
HD60,10,HADES 60,Portable,2016-03-09T07:00:02Z,9999-01-01T00:00:00Z
HD61,10,HADES 61,Portable,2016-07-18T03:06:02Z,9999-01-01T00:00:00Z
HD62,10,HADES 62,Portable,2016-07-14T00:30:02Z,9999-01-01T00:00:00Z
HD63,10,HADES 63,Portable,2017-03-08T22:11:16Z,9999-01-01T00:00:00Z
HD64,10,HADES 64,Portable,2017-03-09T01:34:04Z,9999-01-01T00:00:00Z
HD65,10,HADES 65,Portable,2017-03-15T01:09:37Z,9999-01-01T00:00:00Z
HHSZ,10,"Highcliff Hill, Dunedin",,2006-04-08T02:00:01Z,2008-06-26T00:00:00Z
HINO,10,Hindon,Portable,2014-03-13T21:00:02Z,2014-10-07T03:00:00Z
HIZ,10,Hauiti,,2004-02-03T02:00:00Z,9999-01-01T00:00:00Z
HIZ,20,Hauiti,,2004-02-03T02:00:00Z,9999-01-01T00:00:00Z
HLRZ,10,Highlands Station,,2008-12-03T01:00:00Z,9999-01-01T00:00:00Z
HNHZ,10,Havelock North HortResearch,SNARE Network,1989-08-05T06:24:00Z,1997-07-29T15:00:00Z
HOBF,10,Hauroko Burn,Short Period,1993-03-20T13:25:00Z,1993-06-18T20:21:00Z
HOWZ,10,Holdsworth Station,,2007-02-22T23:35:00Z,9999-01-01T00:00:00Z
HRRZ,10,Hathaway Farm,,2007-03-22T04:00:00Z,9999-01-01T00:00:00Z
HRXV,10,Hossock Road Extension,Short Period,1995-01-11T09:50:00Z,1995-05-14T15:44:00Z
HSRZ,10,Hossack Road,,2010-04-13T03:30:00Z,9999-01-01T00:00:00Z
HWKO,10,Hawkdun,Portable,2014-09-15T22:00:00Z,2015-04-14T02:00:00Z
IDAO,10,Ida Valley,Portable,2014-09-16T00:01:00Z,2015-04-14T00:00:00Z
IF01,10,Matiu-Somes Island,Portable,2008-10-05T23:41:00Z,2009-02-16T23:00:00Z
IF02,10,Horizon International Brick and Paving Centre,Portable,2008-10-23T23:01:00Z,2009-02-11T23:00:00Z
IF03,10,Guthrie Street,Portable,2008-11-24T03:08:00Z,2009-02-11T23:00:00Z
IF04,10,Purser Grove,Portable,2008-11-26T05:11:00Z,2009-02-12T01:30:00Z
IF05,10,"GNS Science, Avalon",Portable,2008-10-24T04:38:00Z,2009-02-11T04:00:00Z
IF06,10,Hockey Stadium,Portable,2008-10-07T00:46:00Z,2009-02-12T00:00:00Z
IF07,10,Lower Hutt Croft Combined Carriers,Portable,2008-10-07T04:31:00Z,2009-02-11T22:00:00Z
IF08,10,Lower Hutt Emergency Management,Portable,2008-10-03T01:20:00Z,2009-02-11T23:00:00Z
IF09,10,GNS Rafter,Portable,2008-10-02T23:19:00Z,2009-02-11T22:00:00Z
IF10,10,Lower Hutt Rock Site,Portable,2008-10-01T03:14:00Z,2009-02-11T23:00:00Z
IF11,10,Point Howard,Portable,2008-10-01T01:22:00Z,2009-02-13T01:00:00Z
IF12,10,St. Oran's College,Portable,2008-10-03T01:46:00Z,2009-02-11T23:30:00Z
IF13,10,Lower Hutt Unilever,Portable,2008-10-02T22:51:00Z,2009-02-11T22:00:00Z
IF14,10,Petone,Portable,2008-10-08T23:31:00Z,2009-02-13T01:30:00Z
INFR,10,Inferno Crater,,2004-07-08T01:47:00Z,2004-07-25T11:00:00Z
INFR,41,Inferno Crater,,2013-05-21T00:10:00Z,9999-01-01T00:00:00Z
INFR,42,Inferno Crater,,2013-05-21T00:00:00Z,9999-01-01T00:00:00Z
INZ,10,Inchbonnie,,2011-01-26T00:05:00Z,9999-01-01T00:00:00Z
IRVM,10,Irvine's Farm,Short Period,1993-10-21T06:31:00Z,1994-03-01T23:30:00Z
ISIM,10,Isis Stream,Short Period,1993-10-18T05:51:00Z,1994-03-11T18:48:00Z
ISOM,10,Isolated Hill,Short Period,1993-10-22T10:34:00Z,1994-03-12T13:54:00Z
IVVZ,30,Iwikau Village,,2009-01-29T00:00:00Z,9999-01-01T00:00:00Z
JCWJ,10,Jackson Bay Wharf,Short Period,2001-12-09T03:54:00Z,2003-01-07T14:55:00Z
JCZ,10,Thirsty Ridge,,2004-06-23T04:20:00Z,9999-01-01T00:00:00Z
JCZ,20,Thirsty Ridge,,2004-06-25T00:00:00Z,2018-11-27T00:00:00Z
JOPM,10,Jollies Pass,Short Period,1993-10-22T10:34:00Z,1994-03-11T20:38:00Z
KAAZ,10,Kauri Point,,2006-12-12T06:00:01Z,2009-09-08T03:00:00Z
KAAZ,11,Kauri Point,,2007-05-09T23:00:00Z,2007-06-27T02:00:00Z
KAHZ,10,Kahuranaki,,2007-06-07T23:00:00Z,9999-01-01T00:00:00Z
KAIT,40,Kaikoura North Wharf,,2010-05-27T00:00:00Z,9999-01-01T00:00:00Z
KAIT,41,Kaikoura North Wharf,,2010-05-27T00:00:00Z,9999-01-01T00:00:00Z
KAOT,10,Kaokaoroa,Short Period,1993-04-13T03:28:00Z,1993-04-25T16:29:00Z
KARC,10,Karaitiana Farm,,2001-01-13T04:01:00Z,2001-06-26T15:50:00Z
KARV,10,Karioi,Short Period,1995-09-28T13:38:00Z,1995-10-20T15:08:00Z
KARZ,10,Kaharoa,,2006-07-11T01:00:00Z,9999-01-01T00:00:00Z
KATZ,10,Kakaramea,,2003-04-29T04:00:00Z,9999-01-01T00:00:00Z
KAVZ,10,Karewarewa,,2004-12-03T22:00:00Z,2004-12-14T19:00:00Z
KBAZ,10,Karaka Road Borehole,,2008-11-11T00:00:01Z,9999-01-01T00:00:00Z
KBAZ,10,Karaka Road Borehole,Portable,2008-07-11T01:00:00Z,2008-09-16T00:00:00Z
KBFF,10,Knob's Flat,Short Period,1993-08-14T01:47:00Z,1993-08-15T20:56:00Z
KEKM,10,Kekerengu Temp,Short Period,1993-10-18T11:49:00Z,1994-03-12T21:52:00Z
KEKS,10,Kekerengu Valley Road,,2013-07-24T00:00:10Z,2013-07-24T00:00:15Z
KEKS,10,Kekerengu Valley Road,,2016-12-01T00:00:01Z,2018-01-14T20:26:00Z
KENM,10,Kenepuru,Short Period,1993-10-20T02:09:00Z,1994-03-09T04:37:00Z
KHEZ,10,Kahui Hut,,2009-05-21T03:00:00Z,9999-01-01T00:00:00Z
KHEZ,31,Kahui Hut,,2014-10-14T04:00:01Z,9999-01-01T00:00:00Z
KHEZ,32,Kahui Hut,,2014-10-14T04:00:01Z,9999-01-01T00:00:00Z
KHEZ,33,Kahui Hut,,2014-10-14T04:00:01Z,9999-01-01T00:00:00Z
KHZ,10,Kahutara,,2003-08-06T00:00:00Z,9999-01-01T00:00:00Z
KHZ,10,Kahutara,Short Period,1988-12-08T11:04:00Z,2003-07-21T08:29:00Z
KHZ,11,Kahutara,Short Period,2003-08-12T17:55:00Z,2003-09-28T09:22:00Z
KHZ,20,Kahutara,,2003-08-06T00:00:00Z,9999-01-01T00:00:00Z
KIDC,10,Kidnappers,Short Period,2001-01-15T02:41:00Z,2001-06-24T11:39:00Z
KIRG,10,Kiriroa,Short Period,1993-08-12T01:17:00Z,1993-09-07T07:23:00Z
KIW,10,Kapiti Island,,2004-06-09T23:00:00Z,9999-01-01T00:00:00Z
KIWC,10,Kiwitahi,,2001-01-12T14:41:00Z,2001-06-25T17:40:00Z
KMRZ,10,Old Kaimai Road,,2011-03-08T05:00:00Z,9999-01-01T00:00:00Z
KNGC,10,Kaingaroa Forest,,2001-01-11T23:00:01Z,2001-06-26T15:50:00Z
KNZ,10,Kokohu,,1998-10-19T00:00:00Z,9999-01-01T00:00:00Z
KNZ,20,Kokohu,,1998-10-19T00:00:02Z,2017-05-30T02:45:00Z
KNZ,20,Kokohu,Strong Motion,2017-05-30T02:45:01Z,9999-01-01T00:00:00Z
KOHO,10,Kohika,Portable,2014-10-15T04:10:00Z,2015-04-10T21:00:00Z
KOKE,10,Kokohu,Short Period,1994-07-23T06:01:00Z,1994-12-09T21:26:00Z
KOKM,10,Kokorua,Short Period,1993-10-21T02:49:00Z,1994-03-13T16:40:00Z
KONC,10,Konini,Short Period,2001-01-09T23:09:00Z,2001-06-26T19:08:00Z
KOTC,10,Kotare,Short Period,2001-01-12T08:37:00Z,2001-06-26T00:35:00Z
KPSF,10,Kisbee Bay,Short Period,1993-03-23T02:57:00Z,1993-06-22T16:55:00Z
KPSV,10,Kapenga Swamp,Short Period,1995-01-10T09:11:00Z,1995-06-06T14:44:00Z
KQ01,10,MRP Kawerau Central Site KQ01,,2008-06-04T00:00:01Z,2017-05-04T02:00:00Z
KQ01,10,MRP Kawerau Central Site KQ01,Portable,2008-02-12T22:00:00Z,2008-06-04T00:00:00Z
KQ02,10,MRP Kawerau South Site KQ02,,2008-06-12T00:00:02Z,2017-05-04T02:00:00Z
KQ02,10,MRP Kawerau South Site KQ02,Portable,2008-02-12T22:30:00Z,2008-03-17T22:46:00Z
KQ03,10,MRP Kawerau East Site KQ03,,2008-06-20T00:00:02Z,2017-05-04T02:00:00Z
KQ03,10,MRP Kawerau East Site KQ03,Portable,2008-02-12T23:00:00Z,2008-03-17T21:20:00Z
KQ04,10,MRP Kawerau West Site KQ04,,2008-09-10T03:00:00Z,2017-05-04T02:00:00Z
KQ04,10,MRP Kawerau West Site KQ04,Portable,2008-05-13T23:58:00Z,2008-06-03T23:00:00Z
KQ05,10,MRP Kawerau North Site KQ05,,2008-09-04T20:00:03Z,2017-05-04T02:00:00Z
KQB,10,MRP Kawerau Taurus KQB,Portable,2012-04-04T01:00:00Z,2017-05-04T02:00:00Z
KQD,10,MRP Kawerau Taurus KQD,Portable,2012-04-04T01:00:00Z,2014-03-13T00:00:00Z
KQE,10,MRP Kawerau Taurus KQE,Portable,2012-04-04T01:00:00Z,2015-06-23T00:00:00Z
KQF,10,MRP Kawerau Taurus KQF,Portable,2012-04-04T01:00:00Z,2015-11-26T00:00:00Z
KQG,10,MRP Kawerau Taurus KQG,Portable,2012-04-04T01:00:00Z,2017-05-04T02:00:00Z
KQH,10,MRP Kawerau Taurus KQH,Portable,2014-04-10T00:02:00Z,2015-06-23T00:00:00Z
KRHZ,10,Kereru,,2008-04-28T00:01:00Z,9999-01-01T00:00:00Z
KRP,10,Karapiro Power Station,Short Period,1988-09-30T08:22:00Z,1988-09-30T21:50:00Z
KRU,10,Mount Kruse,Short Period,1990-02-11T04:01:00Z,1990-02-25T21:23:00Z
KRVZ,10,Karewarewa,,2004-12-03T22:00:00Z,9999-01-01T00:00:00Z
KRVZ,30,Karewarewa,,2012-11-22T20:30:00Z,9999-01-01T00:00:00Z
KTGO,10,Kaitangata,Portable,2014-03-15T01:41:00Z,2014-09-11T05:00:00Z
KUTZ,10,Kaahu Road,,2010-04-15T02:00:00Z,9999-01-01T00:00:00Z
KUZ,10,Kuaotunu,,2004-02-05T00:00:00Z,9999-01-01T00:00:00Z
KUZ,10,Kuaotunu,Short Period,1990-10-11T12:51:00Z,2003-05-05T18:52:00Z
KUZ,20,Kuaotunu,,2004-02-05T00:00:00Z,9999-01-01T00:00:00Z
KWHZ,10,Kaweka Forest,,2010-06-02T03:05:00Z,9999-01-01T00:00:00Z
KYEO,10,Kyeburn,Portable,2014-09-16T21:20:00Z,2015-04-14T04:00:00Z
LAHV,10,Home Valley Road,,2001-01-23T06:19:00Z,2001-06-25T16:00:00Z
LAKA,10,Lake Ida,Short Period,1994-06-20T02:08:00Z,1994-06-28T10:28:00Z
LATK,10,Three Kings Range,,2001-01-23T02:36:00Z,2001-06-25T16:00:00Z
LBST,10,Black Stump Farm,,2001-01-29T02:47:00Z,2001-03-28T17:40:00Z
LBZ,10,Totara Peak,,2004-06-04T06:20:00Z,9999-01-01T00:00:00Z
LBZ,20,Totara Peak,,2004-06-04T06:20:00Z,2014-10-02T00:00:00Z
LCRO,10,Crohane Forest,,2001-01-19T00:00:00Z,2001-06-28T00:00:00Z
LDEN,10,Denley's Farm,,2001-01-15T00:00:00Z,2001-06-26T00:00:00Z
LEAM,10,Leatham,Short Period,1993-10-19T06:34:00Z,1994-03-11T20:49:00Z
LFRZ,10,Lake Frazer,Portable,2009-07-17T00:21:00Z,2009-12-10T20:13:00Z
LGDS,10,Glendale Station,,2001-01-13T00:00:00Z,2001-06-28T00:00:00Z
LGLS,10,Glen Falls,,2001-01-23T00:00:00Z,2001-06-28T00:00:00Z
LICJ,10,Lichen Creek,Short Period,2001-12-11T08:10:00Z,2001-12-26T15:47:00Z
LINM,10,Linkwater,Short Period,1994-03-04T04:43:00Z,1994-03-13T19:06:00Z
LIRZ,10,Lichenstein Road,,2005-11-10T00:00:00Z,9999-01-01T00:00:00Z
LJAI,10,Jailhouse,,2001-01-20T00:00:00Z,2001-06-28T00:00:00Z
LKMJ,10,Lake Mary,Short Period,2001-12-09T07:51:00Z,2001-12-27T02:46:00Z
LKOW,10,Te Kowhai,,2001-01-18T00:00:00Z,2001-06-28T00:00:00Z
LLRC,10,Leslie Road,Short Period,2001-01-17T05:02:00Z,2001-07-04T07:12:00Z
LMAN,10,Mangaohane,,2001-01-24T07:03:00Z,2001-06-12T21:40:00Z
LMAT,10,Matapuna,,2001-01-17T00:00:00Z,2001-06-28T00:00:00Z
LMAU,10,Maungataniwha Temporary,,2001-03-23T03:22:00Z,2001-06-15T17:00:00Z
LMOT,10,Motokawa,,2001-01-25T03:16:00Z,2001-06-24T00:10:00Z
LMOW,10,Moawhango Dam,,2001-01-23T00:00:00Z,2001-06-20T00:00:00Z
LMZ,10,Lake Moeraki Wilderness Lodge,Short Period,1992-10-05T02:51:00Z,2004-07-30T17:37:00Z
LMZ,11,Lake Moeraki Wilderness Lodge,Short Period,1990-11-08T10:19:00Z,1996-04-28T22:21:00Z
LNSD,10,Loch Ness,Portable,2010-09-05T22:25:01Z,2010-09-28T23:00:00Z
LOCC,10,Lochinver,,2001-01-11T20:41:00Z,2001-06-25T21:06:00Z
LOGO,10,Logan Burn,Portable,2014-03-12T23:15:00Z,2014-10-09T20:50:00Z
LOPO,10,Opouahi Station,,2001-01-14T00:00:00Z,2001-06-28T00:00:00Z
LOTA,10,Otamapotiki,,2001-01-20T00:00:00Z,2001-06-28T00:00:00Z
LOTT,40,Lottin Point,,2008-10-10T00:00:00Z,9999-01-01T00:00:00Z
LOTT,41,Lottin Point,,2008-10-10T00:00:00Z,9999-01-01T00:00:00Z
LPAP,10,Papakiri,,2001-01-14T00:00:00Z,2001-06-28T00:00:00Z
LPEN,10,Pentwyn,,2001-01-25T20:07:00Z,2001-06-25T17:40:00Z
LPIH,10,Pihanui,,2001-01-29T05:43:00Z,2001-05-01T18:10:00Z
LPOR,10,Poronui,,2001-01-19T00:00:00Z,2001-06-28T00:00:00Z
LRAN,10,Rangitikei River,,2001-01-22T00:00:00Z,2001-06-19T00:00:00Z
LREZ,10,Lake Rotokare,,2010-01-27T01:00:00Z,9999-01-01T00:00:00Z
LROS,10,Ross Road,,2001-01-28T01:45:00Z,2001-05-30T15:15:00Z
LS16,10,Tongariro River,,2001-01-16T08:00:00Z,2001-06-20T03:05:00Z
LS25,10,Wharepipi,,2001-01-27T14:01:00Z,2001-06-17T07:30:00Z
LSTC,10,Last Cove,Portable,2009-07-17T01:50:00Z,2009-09-14T22:59:00Z
LTAT,10,Tataraakina,,2001-01-15T00:00:00Z,2001-06-27T00:00:00Z
LTIM,10,Timahanga,,2001-01-24T04:04:00Z,2001-05-25T14:05:00Z
LTZ,10,Lake Taylor Station,,2004-02-27T04:02:00Z,9999-01-01T00:00:00Z
LTZ,10,Lake Taylor Station,Short Period,1989-10-12T08:20:00Z,2004-02-27T01:41:00Z
LTZ,11,Lake Taylor Station,Short Period,2004-02-27T04:13:00Z,2004-03-22T19:39:00Z
LTZ,20,Lake Taylor Station,,2004-02-27T04:00:00Z,2013-10-23T05:00:00Z
LWAI,10,Waiotukupuna River,,2001-01-22T02:06:00Z,2001-06-01T15:55:00Z
LWHI,10,Whirinaki,,2001-01-25T02:31:00Z,2001-03-11T23:00:00Z
LWON,10,Waione,,2001-01-25T00:52:00Z,2001-06-25T17:40:00Z
LWTT,10,Waitata,,2001-01-17T00:00:00Z,2001-06-28T00:00:00Z
LYLM,10,Lyndon Lea,Short Period,1993-10-23T05:00:00Z,1994-03-12T21:53:00Z
MAHC,10,Mahia Beach,Short Period,2001-01-13T04:01:00Z,2001-06-26T00:35:00Z
MAHO,10,Mahinerangi,Portable,2014-03-14T00:01:00Z,2014-09-11T00:00:00Z
MAL,10,Maling Pass,Short Period,1990-02-12T05:29:00Z,1990-02-18T01:09:00Z
MANO,10,Manorburn,Portable,2014-09-16T00:01:00Z,2015-04-13T22:00:00Z
MAPM,10,Maxwell Pass,Short Period,1993-10-19T06:34:00Z,1994-03-11T01:37:00Z
MAR,10,Maroa,Short Period,1990-02-21T03:18:00Z,1990-02-22T21:30:00Z
MARA,10,Maruia,Short Period,1995-11-11T00:00:01Z,1996-04-21T23:59:59Z
MARE,10,Marau Point,Short Period,1994-07-27T02:26:00Z,1994-12-12T23:16:00Z
MARZ,10,Manawahe,,2005-11-23T00:00:00Z,9999-01-01T00:00:00Z
MASH,10,Maori Saddle,Short Period,2005-05-04T03:07:00Z,2005-05-24T00:54:00Z
MATA,10,Matakana,,2002-08-28T12:44:00Z,2003-01-18T02:20:00Z
MATT,10,Matapiro Road,Short Period,1993-04-12T09:46:00Z,1993-04-25T16:29:00Z
MAVZ,10,Matarangi,,2012-05-22T02:00:00Z,9999-01-01T00:00:00Z
MAVZ,11,Matarangi,Portable,2008-02-07T01:30:00Z,2008-03-06T01:00:00Z
MAVZ,30,Matarangi,,2015-01-09T00:01:00Z,9999-01-01T00:00:00Z
MBAZ,10,Motutapu Island,Borehole,2012-10-08T23:30:00Z,9999-01-01T00:00:00Z
MCHD,10,Mitchells,Portable,2010-09-05T02:30:30Z,2010-09-29T00:00:00Z
MCHZ,10,McNeill Hill,,2008-05-27T00:02:00Z,9999-01-01T00:00:00Z
MDAF,10,Middle Arm,Short Period,1993-03-19T06:55:00Z,1993-08-19T11:06:00Z
MED1,10,MED1,,2005-01-17T22:26:00Z,2005-03-30T00:00:00Z
MED2,10,Pakarae,,2005-01-18T04:56:00Z,2005-03-30T00:00:00Z
MED3,10,Kaiaua Station,,2005-01-19T22:17:00Z,2005-03-31T00:00:00Z
MED4,10,Turihaua Station,,2005-02-24T04:51:00Z,2005-03-31T00:00:00Z
MHCZ,10,Mount Hutt,,2013-05-13T04:00:00Z,9999-01-01T00:00:00Z
MHEZ,10,Otaraoa Road,,2008-03-04T01:00:00Z,9999-01-01T00:00:00Z
MHGZ,10,Okepuha Station,,2007-08-03T00:01:00Z,9999-01-01T00:00:00Z
MHGZ,10,Okepuha Station,Portable,2006-05-04T05:00:01Z,2007-02-01T00:00:00Z
MIDV,10,Middle Road,Short Period,1995-09-26T07:39:00Z,1996-01-08T22:28:00Z
MILO,10,Millers Flat,Portable,2014-03-12T00:30:00Z,2014-10-06T23:00:00Z
MIQ,10,Minden Quarry,Short Period,1989-08-23T17:31:00Z,1989-08-24T06:42:00Z
MKAZ,10,Moumoukai,,2002-08-30T00:20:00Z,9999-01-01T00:00:00Z
MKAZ,11,Moumoukai,,2002-08-30T00:20:00Z,2003-01-19T18:00:00Z
MKO,10,Makairo,Short Period,1990-05-15T05:27:00Z,1990-05-17T20:54:00Z
MKRZ,10,Makatiti,,2003-05-23T03:00:00Z,9999-01-01T00:00:00Z
MKYD,10,McKay,Portable,2010-09-05T05:31:00Z,2010-09-28T23:30:00Z
MLFO,10,Milford,Portable,2014-10-15T02:00:00Z,2015-04-10T04:00:00Z
MLZ,10,Hikuraki Station,,2003-09-08T00:00:00Z,9999-01-01T00:00:00Z
MLZ,10,Hikuraki Station,Short Period,1996-03-09T00:15:00Z,2003-08-23T20:02:00Z
MLZ,20,Hikuraki Station,,2003-09-08T00:00:00Z,2014-03-25T00:00:00Z
MNDO,10,Mandeville,Portable,2014-03-18T21:20:00Z,2014-09-14T00:00:00Z
MNG,10,Mangahao Dams,Short Period,1988-01-19T03:23:00Z,1994-10-18T21:52:00Z
MNG,11,Mangahao Dams,Short Period,1988-01-19T03:23:00Z,1990-10-29T21:44:00Z
MNG,12,Mangahao Dams,Short Period,1988-01-19T03:23:00Z,1990-10-29T21:44:00Z
MNKT,40,Whatipu,,2010-07-15T00:00:00Z,9999-01-01T00:00:00Z
MNKT,41,Whatipu,,2010-07-15T00:00:00Z,9999-01-01T00:00:00Z
MNSD,10,Miners Road,Portable,2010-09-05T22:10:02Z,2010-09-29T00:00:00Z
MNT,10,Mangaore,Short Period,1991-07-30T22:16:00Z,1991-12-02T14:41:00Z
MOA,10,Motea,Short Period,1992-04-29T02:56:00Z,1995-06-26T02:44:00Z
MOAV,10,Moawhango Dam,Short Period,1995-09-26T07:39:00Z,1995-11-13T02:50:00Z
MOLM,10,Molesworth,Short Period,1993-10-18T05:51:00Z,1994-03-11T20:39:00Z
MOOO,10,Moonlight,Portable,2014-09-15T00:01:00Z,2015-04-15T05:00:00Z
MORO,10,Morrisons,Portable,2014-09-15T00:01:01Z,2015-04-12T22:00:00Z
MOTE,10,Motu,Short Period,1994-08-06T07:22:00Z,1994-12-19T00:35:00Z
MOTT,10,Mounds track Tongariro National Park,,2008-02-13T14:01:00Z,2008-11-21T01:00:00Z
MOVZ,10,Moawhango Dam,,2004-06-01T12:00:00Z,9999-01-01T00:00:00Z
MOZ,10,Mahoenui,Short Period,1989-09-28T03:26:00Z,2003-09-29T18:27:00Z
MPGJ,10,Monkey Puzzle Gorge,Short Period,2001-12-10T02:02:00Z,2002-06-28T21:55:00Z
MQZ,10,Glencoe Station,,1998-10-23T02:59:00Z,9999-01-01T00:00:00Z
MQZ,10,Glencoe Station,Short Period,1989-10-13T08:40:00Z,1998-10-23T02:43:00Z
MQZ,11,Glencoe Station,Short Period,1990-01-05T22:02:00Z,1999-01-05T20:45:00Z
MQZ,12,Glencoe Station,Short Period,1990-01-05T22:02:00Z,1990-06-26T12:16:00Z
MQZ,20,Glencoe Station,,1998-10-14T00:00:00Z,9999-01-01T00:00:00Z
MRH,10,Marewa Ministry of Works and Development,SNARE Network,1987-03-19T22:55:00Z,1989-07-31T19:41:00Z
MRHZ,10,Matea Road,,2010-05-14T03:00:00Z,9999-01-01T00:00:00Z
MRNZ,10,Matariki (seismic) Terrace Road,,2015-04-02T00:00:05Z,9999-01-01T00:00:00Z
MRVO,10,Morven,Portable,2014-10-13T03:10:00Z,2015-04-12T04:00:00Z
MRW,10,Makara Bunker,,2003-11-13T01:00:00Z,2008-06-17T04:40:00Z
MRW,11,Makara Bunker,,2003-11-13T00:00:00Z,2004-05-16T23:00:00Z
MRWZ,10,Makara Bunker,Test 1,2008-04-15T22:05:00Z,2008-04-21T22:00:00Z
MRWZ,11,Makara Bunker,Test 2,2008-04-21T22:05:00Z,2008-08-28T01:00:00Z
MRZ,10,Mangatainoka River,,2003-07-31T00:00:00Z,9999-01-01T00:00:00Z
MRZ,10,Mangatainoka River,Short Period,1992-04-08T04:21:00Z,2003-04-15T01:43:00Z
MRZ,20,Mangatainoka River,,2003-07-31T00:00:00Z,2011-04-13T00:00:00Z
MSHC,10,Marshland,Portable,2011-02-25T23:00:02Z,2011-10-19T02:22:44Z
MSWZ,10,Moikau Station,,2003-08-28T20:55:00Z,9999-01-01T00:00:00Z
MSZ,10,Milford Sound,,2005-07-19T20:00:00Z,9999-01-01T00:00:00Z
MSZ,10,Milford Sound,Short Period,1990-05-28T11:33:00Z,2005-06-15T04:06:00Z
MSZ,20,Milford Sound,,2005-07-19T20:00:00Z,2017-05-23T04:15:00Z
MSZ,20,Milford Sound,Strong Motion,2017-05-23T04:15:01Z,9999-01-01T00:00:00Z
MTAZ,10,Motutapu Island,,2007-06-25T03:00:01Z,2012-10-09T01:30:00Z
MTCA,10,Mount Cook,Short Period,1997-09-19T21:37:00Z,1997-10-10T14:54:00Z
MTHZ,10,Maungataniwha,,2011-10-20T00:00:05Z,9999-01-01T00:00:00Z
MTKA,10,Matukituki,Short Period,1995-11-12T00:00:02Z,1996-04-22T23:59:59Z
MTNF,10,Mount Napier,Short Period,2000-11-03T06:54:00Z,2000-11-19T23:29:00Z
MTTA,10,Mount Thomas,Short Period,1995-11-07T00:00:01Z,1996-04-16T23:59:59Z
MTVZ,10,Mangateitei,,2005-03-15T21:00:00Z,9999-01-01T00:00:00Z
MTW,10,Mount Morrison,,2003-06-17T07:55:00Z,9999-01-01T00:00:00Z
MTW,11,Mount Morrison,,2003-06-17T07:50:00Z,2003-09-13T01:00:00Z
MUGZ,10,Murupara,,2011-03-29T00:01:00Z,9999-01-01T00:00:00Z
MURE,10,Muriwai,Short Period,1994-07-23T06:01:00Z,1994-12-10T14:59:00Z
MUSJ,10,Musical Creek,Short Period,2001-12-11T01:02:00Z,2001-12-27T00:52:00Z
MWZ,10,Kiriroa,,2004-02-29T00:00:00Z,9999-01-01T00:00:00Z
MWZ,20,Kiriroa,,2004-02-29T00:00:00Z,2011-08-18T20:50:00Z
MXZ,10,Matakaoa Point,,2004-02-29T00:00:00Z,9999-01-01T00:00:00Z
MXZ,20,Matakaoa Point,,2004-02-29T00:00:00Z,2011-08-17T22:50:00Z
MYRZ,10,Mayor Island,,2006-02-13T00:00:01Z,9999-01-01T00:00:00Z
NAAF,10,Anchorage Arm,Short Period,1993-08-14T23:24:00Z,1993-08-17T17:55:00Z
NADF,10,Anchorage Arm,Short Period,1993-03-21T06:46:00Z,1993-06-19T15:05:00Z
NAPT,40,Port of Napier,,2007-09-26T00:00:00Z,9999-01-01T00:00:00Z
NAPT,41,Port of Napier,,2007-09-26T00:00:00Z,9999-01-01T00:00:00Z
NBEZ,10,Newall Road,,2012-10-16T00:01:00Z,9999-01-01T00:00:00Z
NBRT,40,New Brighton Library,,2020-05-14T02:00:00Z,9999-01-01T00:00:00Z
NBRT,41,New Brighton Library,,2020-05-14T02:00:00Z,9999-01-01T00:00:00Z
NCPT,40,North Cape,,2008-12-23T00:00:00Z,9999-01-01T00:00:00Z
NCPT,41,North Cape,,2008-12-23T00:00:00Z,9999-01-01T00:00:00Z
NEZ,10,North Egmont Visitor Centre,,2020-01-31T05:44:00Z,9999-01-01T00:00:00Z
NEZ,10,North Egmont Visitor Centre,Surface,2010-02-21T00:00:02Z,2010-06-07T23:30:00Z
NEZ,10,North Egmont Visitor Centre,Surface,2014-03-20T00:01:00Z,2014-05-05T00:00:00Z
NEZ,11,North Egmont Visitor Centre,,2010-06-07T23:35:00Z,2020-01-30T05:08:00Z
NEZ,30,North Egmont Visitor Centre,,2014-03-21T00:00:02Z,9999-01-01T00:00:00Z
NGA1,10,Mount Ngauruhoe 2006 Portable NGA1,,2006-06-07T22:50:00Z,2007-04-20T04:00:00Z
NGA2,10,Mount Ngauruhoe 2006 Portable NGA2,,2006-06-08T01:00:00Z,2006-10-31T22:00:00Z
NGA3,10,Mount Ngauruhoe 2006 Portable NGA3,,2006-06-07T23:30:00Z,2006-10-31T22:00:00Z
NGA4,10,Mount Ngauruhoe 2008 Portable NGA4,,2008-01-15T21:15:00Z,2008-02-07T01:00:00Z
NGA5,10,Mount Ngauruhoe 2008 Portable NGA5,,2008-01-15T21:15:00Z,2008-02-07T01:00:00Z
NGA6,10,Mount Ngauruhoe 2008 Portable NGA6,,2008-01-15T21:15:00Z,2008-02-07T01:00:00Z
NGI,10,Ngariki Road,Short Period,1989-08-17T01:06:00Z,1989-08-21T18:45:00Z
NGRZ,10,Ngongotaha,,2011-10-26T00:15:00Z,9999-01-01T00:00:00Z
NGRZ,10,Ngongotaha,Portable,2011-05-11T00:05:00Z,2011-05-11T01:00:00Z
NGZ,10,Ngauruhoe Seismic Station,,2004-03-04T23:00:00Z,9999-01-01T00:00:00Z
NGZ,11,Chateau Observatory,Telemetry,2004-03-04T23:00:00Z,2005-08-30T20:10:00Z
NGZ,30,Ngauruhoe Seismic Station,,2014-02-25T03:00:00Z,9999-01-01T00:00:00Z
NMCM,10,No Man's Creek,Short Period,1993-10-21T02:48:00Z,1994-03-04T00:18:00Z
NMEZ,10,Namu Road,,2009-04-02T04:00:00Z,9999-01-01T00:00:00Z
NMHZ,10,Naumai,,2008-02-13T03:01:00Z,9999-01-01T00:00:00Z
NNVZ,10,North Ngauruhoe,,2015-03-27T03:00:00Z,2020-02-24T13:15:00Z
NNZ,10,Logan Vale Farm,,2003-08-12T00:00:00Z,9999-01-01T00:00:00Z
NNZ,20,Logan Vale Farm,,2003-08-12T00:00:00Z,2012-01-05T23:00:00Z
NOVZ,10,North Ngauruhoe,,2020-02-25T01:10:00Z,9999-01-01T00:00:00Z
NOVZ,30,North Ngauruhoe,,2020-02-25T01:10:00Z,9999-01-01T00:00:00Z
NOZ,10,Mangatuna,Short Period,1989-04-17T07:59:00Z,2004-04-02T14:14:00Z
NRZ,10,Ngariki Road,Short Period,1997-03-26T08:06:00Z,2003-12-16T04:24:00Z
NRZ,11,Ngariki Road,Short Period,1997-03-27T15:13:00Z,2003-12-16T04:24:00Z
NRZ,12,Ngariki Road,Short Period,1991-02-21T19:09:00Z,1993-07-26T13:23:00Z
NRZ,13,Ngariki Road,Short Period,1993-12-14T23:52:00Z,1997-03-25T08:58:00Z
NRZ,14,Ngariki Road,Short Period,1993-07-29T09:36:00Z,1997-03-18T22:51:00Z
NS01,10,MRP Ngatamariki Seismic 01,Portable,2013-02-01T00:10:00Z,9999-01-01T00:00:00Z
NS02,10,MRP Ngatamariki Seismic 02,Portable,2012-05-16T23:21:00Z,2015-01-27T00:00:00Z
NS03,10,MRP Ngatamariki Seismic 03,Portable,2012-05-16T21:50:00Z,9999-01-01T00:00:00Z
NS04,10,MRP Ngatamariki Seismic 04,Portable,2012-05-15T23:01:00Z,9999-01-01T00:00:00Z
NS05,10,MRP Ngatamariki Seismic 05,Portable,2012-10-31T00:00:10Z,2014-08-21T00:00:00Z
NS06,10,MRP Ngatamariki Seismic 06,Portable,2012-05-15T22:02:00Z,2012-11-01T00:00:00Z
NS07,10,MRP Ngatamariki Seismic 07,Portable,2012-05-16T00:01:00Z,9999-01-01T00:00:00Z
NS08,10,MRP Ngatamariki Seismic 08,Portable,2012-05-16T22:29:00Z,2015-04-23T00:00:00Z
NS09,10,MRP Ngatamariki Seismic 09,Portable,2012-05-15T21:01:00Z,2015-04-23T00:00:00Z
NS10,10,MRP Ngatamariki Seismic 10,Portable,2012-11-01T00:00:25Z,2014-07-01T00:00:00Z
NS11,10,MRP Ngatamariki Seismic 11,Portable,2012-11-01T00:00:25Z,9999-01-01T00:00:00Z
NS12,10,MRP Ngatamariki Seismic 12,Portable,2013-02-01T01:00:00Z,9999-01-01T00:00:00Z
NS13,10,MRP Ngatamariki Seismic 13,Portable,2013-02-12T00:45:00Z,9999-01-01T00:00:00Z
NS14,10,MRP Ngatamariki Seismic 14,Portable,2013-03-01T00:00:01Z,9999-01-01T00:00:00Z
NS15,10,MRP Ngatamariki Seismic 15,Portable,2015-05-01T00:01:00Z,9999-01-01T00:00:00Z
NS16,10,MRP Ngatamariki Seismic 16,Portable,2015-05-01T00:02:00Z,9999-01-01T00:00:00Z
NS18,10,MRP Ngatamariki Seismic 18,Portable,2015-04-24T01:00:00Z,9999-01-01T00:00:00Z
NSDF,10,Nancy Sound,Short Period,2003-08-24T05:07:00Z,2003-09-11T03:43:00Z
NTVZ,10,North Tongariro,,2014-11-07T00:45:00Z,9999-01-01T00:00:00Z
NTVZ,30,North Tongariro,,2016-01-14T02:10:00Z,9999-01-01T00:00:00Z
NTVZ,31,North Tongariro,,2016-01-14T02:10:00Z,9999-01-01T00:00:00Z
NTVZ,32,North Tongariro,,2016-01-14T02:10:00Z,9999-01-01T00:00:00Z
NWEZ,10,Newall Road,,2008-01-22T19:00:01Z,2012-10-16T00:00:00Z
OAKV,10,Ohakune Comms Hub,Short Period,1995-09-26T07:39:00Z,1995-10-25T17:55:00Z
OBZ,10,Oban DoC Ranger Station,Short Period,1990-09-11T06:29:00Z,1990-09-16T22:56:00Z
ODZ,10,Otahua Downs,,2003-09-11T06:00:00Z,9999-01-01T00:00:00Z
ODZ,10,Otahua Downs,Short Period,1990-08-31T03:13:00Z,2003-09-10T23:57:00Z
ODZ,20,Otahua Downs,,2003-09-11T06:00:00Z,9999-01-01T00:00:00Z
OGWZ,10,Otaki Gorge,,2007-09-24T01:15:00Z,9999-01-01T00:00:00Z
OHAA,10,Ohau,Short Period,1995-11-17T00:00:01Z,1996-04-15T23:59:59Z
OHPV,10,McDougal Quarry Road,Short Period,1995-01-17T04:04:00Z,1995-04-29T14:01:00Z
OHUT,10,Ohutu,Short Period,1993-04-12T09:46:00Z,1993-04-26T03:17:00Z
OHWZ,10,Ohakea,,2011-03-29T00:00:02Z,9999-01-01T00:00:00Z
OIZ,10,Oio,Short Period,1992-09-18T09:41:00Z,2004-04-26T16:22:00Z
OKAV,10,Okareka,Short Period,1995-01-12T11:40:00Z,1995-05-16T20:35:00Z
OKCZ,10,Okains Bay,,2012-03-01T00:00:00Z,9999-01-01T00:00:00Z
OKTV,10,Lake Okataina,Short Period,1995-01-26T20:32:00Z,1995-06-07T20:49:00Z
OKUC,10,Okuti Valley Road,Portable,2011-02-28T00:27:48Z,2012-03-01T00:00:00Z
OMAH,10,Omahine,Short Period,1994-06-26T14:04:00Z,1994-07-03T12:29:00Z
OMRZ,10,Omania,,2007-04-04T01:00:00Z,9999-01-01T00:00:00Z
ONEC,10,Onenui,Short Period,2001-01-13T04:01:00Z,2001-06-25T15:55:00Z
OPHC,10,Ophero,Short Period,2001-01-10T01:16:00Z,2001-06-24T00:10:00Z
OPRZ,10,Ohinepanea Seismic,,2006-11-14T01:00:00Z,9999-01-01T00:00:00Z
OPUO,10,Opuha,Portable,2014-10-14T23:05:00Z,2015-04-10T02:30:00Z
OPZ,10,"Highcliff Hill, Dunedin",,2008-06-27T01:30:00Z,9999-01-01T00:00:00Z
OPZ,20,"Highcliff Hill, Dunedin",,2008-06-27T01:30:00Z,9999-01-01T00:00:00Z
ORAA,10,Orari River,Short Period,1995-11-16T00:00:01Z,1996-04-18T23:59:59Z
ORE,10,Oreore,Short Period,1990-05-15T03:55:00Z,1990-05-17T05:08:00Z
OTAT,40,Dunedin Tsunami,,2010-02-25T00:00:00Z,9999-01-01T00:00:00Z
OTAT,41,Dunedin Tsunami,,2010-02-25T00:00:00Z,9999-01-01T00:00:00Z
OTKO,10,Otekaieke,Portable,2014-09-18T01:00:00Z,2015-04-11T05:00:00Z
OTVZ,10,Oturere,,2004-11-18T04:00:00Z,9999-01-01T00:00:00Z
OTVZ,30,Oturere,,2013-10-02T00:00:00Z,9999-01-01T00:00:00Z
OUZ,10,Omahuta,,2002-08-30T08:00:00Z,9999-01-01T00:00:00Z
OUZ,10,Omahuta,Short Period,1991-03-12T03:26:00Z,2000-05-15T02:04:00Z
OUZ,20,Omahuta,,2003-08-26T05:00:00Z,9999-01-01T00:00:00Z
OWKO,10,Owaka,Portable,2014-03-17T20:05:00Z,2014-09-11T05:00:00Z
OWQX,10,Owhiro Bay,,2014-11-03T00:05:00Z,9999-01-01T00:00:00Z
OWQX,20,Owhiro Bay,,2014-11-03T00:05:00Z,9999-01-01T00:00:00Z
OXZ,10,View Hill,,2009-03-14T00:00:02Z,9999-01-01T00:00:00Z
OXZ,20,View Hill,,2009-03-14T00:00:02Z,2014-10-30T00:00:00Z
PAKE,10,Pakarae,Short Period,1994-07-22T05:17:00Z,1994-12-12T15:13:00Z
PARE,10,Paritu Road,Short Period,1994-07-26T19:28:00Z,1994-12-09T09:05:00Z
PARF,10,Paradise,Short Period,1993-03-24T04:20:00Z,1993-06-22T16:56:00Z
PATO,10,Patearoa,Portable,2014-09-18T22:00:00Z,2015-04-13T01:00:00Z
PAWZ,10,Paruwai Farm,,2004-07-14T00:00:00Z,9999-01-01T00:00:00Z
PDD,10,Percy Dyett Drive,Short Period,1988-07-01T22:49:00Z,1988-07-05T18:19:00Z
PEAA,10,Lake Pearson,Short Period,1994-06-22T02:04:00Z,1994-07-04T16:59:00Z
PGZ,10,Pongaroa,Short Period,1988-09-08T01:43:00Z,1996-06-18T20:09:00Z
PGZ,11,Pongaroa,Short Period,1988-09-08T01:43:00Z,1990-05-19T18:46:00Z
PHPV,10,Poihipi,Short Period,1999-07-13T22:18:00Z,1999-08-04T14:34:00Z
PKE,10,Pukeiti Hill,,2003-10-28T16:00:00Z,9999-01-01T00:00:00Z
PKGZ,10,Pakihiroa,,2010-06-22T00:00:00Z,9999-01-01T00:00:00Z
PKGZ,20,Pakihiroa,,2016-09-04T19:30:00Z,9999-01-01T00:00:00Z
PKHE,10,Pakihiroa Temporary,Short Period,1994-08-01T05:33:00Z,1994-12-14T03:38:00Z
PKRC,10,Pukeroa,Short Period,2001-01-18T13:23:00Z,2001-04-13T15:35:00Z
PKUV,10,"Pukekahu, Reporoa",Short Period,1995-01-10T15:46:00Z,1995-05-20T06:56:00Z
PKVZ,10,Pokaka,,2005-03-15T21:00:00Z,9999-01-01T00:00:00Z
PLRC,10,Pearl Road,Short Period,2001-03-08T07:40:00Z,2001-07-04T07:21:00Z
PLWZ,10,Kawakawa Station,,2007-04-18T00:00:02Z,9999-01-01T00:00:00Z
PNH,10,Kaitoke Farm,Short Period,1990-05-14T01:23:00Z,1990-05-17T22:05:00Z
PNHZ,10,Pukenui,,2008-02-19T00:10:00Z,9999-01-01T00:00:00Z
POHC,10,Pohokura,,2001-01-13T04:01:00Z,2001-06-26T15:55:00Z
POIC,10,Poihipi,,2001-01-01T07:11:00Z,2001-02-24T23:00:00Z
POIZ,10,Poihipi,,2005-07-05T01:00:00Z,9999-01-01T00:00:00Z
POIZ,10,Poihipi,Short Period,2001-02-24T23:20:00Z,2002-03-16T05:00:00Z
POLA,10,Poulter River,Short Period,1995-11-26T01:34:00Z,1996-04-18T00:00:00Z
POTF,10,Poteriteri,Short Period,1993-03-22T04:51:00Z,1993-06-20T17:54:00Z
POWZ,10,Post Office Road,,2008-04-23T00:05:00Z,9999-01-01T00:00:00Z
PREZ,10,Palmer Road,,2010-02-23T00:00:01Z,9999-01-01T00:00:00Z
PREZ,31,Palmer Road,,2014-05-14T00:01:00Z,9999-01-01T00:00:00Z
PREZ,32,Palmer Road,,2014-05-14T00:01:00Z,9999-01-01T00:00:00Z
PREZ,33,Palmer Road,,2014-05-14T00:01:00Z,9999-01-01T00:00:00Z
PRGZ,10,Paritu Road,,2007-08-02T00:01:00Z,9999-01-01T00:00:00Z
PRGZ,10,Paritu Road,Portable,2006-07-23T04:00:01Z,2006-08-17T05:00:00Z
PRHZ,10,Porangahau,,2008-01-15T01:15:00Z,9999-01-01T00:00:00Z
PRKO,10,Park Hill,Portable,2014-03-12T02:10:00Z,2014-09-11T00:00:00Z
PRRZ,10,Plateau Road,,2007-11-13T00:00:00Z,9999-01-01T00:00:00Z
PRSH,10,Primula Spur,Short Period,2005-05-04T01:28:00Z,2005-05-21T15:33:00Z
PRWZ,10,Pori Road,,2008-11-03T01:10:00Z,9999-01-01T00:00:00Z
PUHM,10,Puhi Puhi River,Short Period,1993-10-22T10:34:00Z,1994-03-12T14:56:00Z
PUPM,10,Puponga,Short Period,1993-10-25T01:57:00Z,1994-02-28T19:16:00Z
PURC,10,Purau,Portable,2011-02-27T02:13:27Z,2011-10-19T01:22:44Z
PUYT,40,Puysegur Welcome Bay,,2009-11-28T00:00:00Z,9999-01-01T00:00:00Z
PUYT,41,Puysegur Welcome Bay,,2009-11-28T00:00:00Z,9999-01-01T00:00:00Z
PUZ,10,Puketiti,,2003-08-20T00:00:00Z,9999-01-01T00:00:00Z
PUZ,10,Puketiti,Short Period,1989-03-08T11:22:00Z,2003-08-19T12:44:00Z
PUZ,11,Puketiti,Short Period,2003-08-21T07:30:00Z,2003-12-16T06:27:00Z
PUZ,20,Puketiti,,2003-08-20T00:00:00Z,2013-08-07T00:00:00Z
PWZ,10,Pawanui,,2001-03-22T05:52:00Z,2005-08-15T06:00:00Z
PWZ,10,Pawanui,Short Period,2001-01-30T00:23:00Z,2001-03-21T02:44:00Z
PWZ,20,Pawanui,,2001-03-21T04:00:01Z,2005-08-15T06:00:00Z
PWZ,20,Pawanui,Short Period,2001-03-21T00:00:00Z,2001-03-21T02:44:00Z
PXZ,10,Pawanui,,2005-08-22T00:00:00Z,9999-01-01T00:00:00Z
PXZ,20,Pawanui,,2005-08-22T00:00:00Z,2018-01-17T05:30:00Z
PYZ,10,Puysegur Point,,2007-05-01T01:00:00Z,9999-01-01T00:00:00Z
PYZ,20,Puysegur Point,,2007-05-01T01:00:00Z,2017-01-19T21:20:00Z
PYZ,20,Puysegur Point,Strong Motion,2017-01-19T21:20:01Z,9999-01-01T00:00:00Z
QRZ,10,Quartz Range,,2003-08-06T00:00:00Z,9999-01-01T00:00:00Z
QRZ,10,Quartz Range,Short Period,1990-04-26T04:39:00Z,2002-02-18T05:58:00Z
QRZ,20,Quartz Range,,2003-08-06T00:00:00Z,2015-11-12T01:00:00Z
RACZ,10,Rakaia,,2012-06-27T06:45:00Z,9999-01-01T00:00:00Z
RAGZ,10,Rawiri Station,,2009-06-10T03:30:05Z,9999-01-01T00:00:00Z
RAHC,10,Rahui,Short Period,2001-01-14T16:55:00Z,2001-06-23T16:35:00Z
RAHZ,10,Arahi,,2008-05-14T06:05:00Z,9999-01-01T00:00:00Z
RANC,10,Rangitoto,Short Period,2001-01-16T03:14:00Z,2001-05-27T15:25:00Z
RANE,10,Rangitukia,Short Period,1994-08-26T11:07:00Z,1994-12-14T23:20:00Z
RATZ,10,Rangitukua Reserve,,2003-03-25T03:00:00Z,9999-01-01T00:00:00Z
RBCT,40,Raoul Island Boat Cove,,2009-05-18T00:00:00Z,9999-01-01T00:00:00Z
RBCT,41,Raoul Island Boat Cove,,2009-05-18T00:00:00Z,9999-01-01T00:00:00Z
RCBS,20,Redcliffs Borehole,,2013-01-29T01:00:01Z,9999-01-01T00:00:00Z
RCBS,21,Redcliffs Borehole,,2013-01-29T01:00:00Z,9999-01-01T00:00:00Z
RCHC,10,Richmond Hill,Portable,2011-02-26T04:30:43Z,2011-10-18T22:22:44Z
RDM,10,Tamaki East,Short Period,1990-05-14T23:42:00Z,1990-05-18T00:46:00Z
RDMF,10,Redwood Motel,Short Period,1993-08-12T06:15:00Z,1993-08-14T22:13:00Z
REPE,10,Reporua,Short Period,1994-07-28T00:52:00Z,1994-12-14T03:39:00Z
RERV,10,Rerewhakaaitu,Short Period,2000-04-12T14:24:00Z,2000-05-05T18:10:00Z
RESF,10,Resolution Island,Short Period,1993-08-16T00:21:00Z,1993-08-28T18:08:00Z
RF1R,10,East Paeroa,,2004-03-22T23:59:00Z,2005-02-01T00:00:00Z
RF2R,10,Mangatete Road,,2004-03-24T00:10:00Z,2005-02-01T00:00:00Z
RF3R,10,Lake Ohakuri,,2004-03-18T23:17:00Z,2005-01-19T22:00:00Z
RF4R,10,Totara Road,,2004-03-19T03:04:00Z,2004-12-22T00:00:00Z
RF5R,10,Parsons Road,,2004-03-12T02:54:00Z,2005-02-01T00:00:00Z
RF6R,10,Tahunaatara Stream,,2004-03-24T04:24:00Z,2004-12-22T23:00:00Z
RF7R,10,Short Road,,2004-07-28T00:00:01Z,2005-04-04T00:00:00Z
RFRT,40,Raoul Island Fishing Rock,,2009-05-18T00:00:00Z,9999-01-01T00:00:00Z
RFRT,41,Raoul Island Fishing Rock,,2009-05-18T00:00:00Z,9999-01-01T00:00:00Z
RHBS,20,Richmond Hill Borehole,,2013-01-30T00:00:01Z,2015-09-22T00:30:00Z
RHBS,21,Richmond Hill Borehole,,2013-01-30T00:00:01Z,2015-09-22T00:30:05Z
RIGZ,10,Rimuhau Hill,,2009-06-08T23:00:05Z,9999-01-01T00:00:00Z
RIMM,10,Rimutaka,Short Period,1993-11-04T22:38:00Z,1994-03-13T14:36:00Z
RITZ,10,Rihia Road,,2003-04-04T10:00:01Z,9999-01-01T00:00:00Z
RIVH,10,Lathrope Road,Portable A,2006-11-23T03:22:01Z,2007-05-14T00:00:00Z
RIVH,11,Lathrope Road,Portable B,2007-03-27T00:00:01Z,2007-05-14T03:40:00Z
RIVO,10,Riverton,Portable,2014-03-19T21:30:00Z,2014-09-13T00:00:00Z
RIZ,10,Raoul Island Met Station,,2009-05-18T00:01:00Z,9999-01-01T00:00:00Z
RIZ,20,Raoul Island Met Station,,2009-05-18T01:00:00Z,2016-09-17T13:00:00Z
RIZ,20,Raoul Island Met Station,Strong Motion,2016-09-17T13:00:01Z,9999-01-01T00:00:00Z
RKIA,10,Rakaia,Short Period,1995-11-09T00:00:01Z,1996-04-18T23:59:59Z
ROBM,10,Mount Robertson,Short Period,1994-03-11T04:15:00Z,1994-03-14T02:31:00Z
RONF,10,South of Lake Ronald,Portable,2007-10-18T03:20:02Z,2007-11-27T22:00:00Z
ROTC,10,Rotopara,Short Period,2001-01-13T09:23:00Z,2001-06-25T15:55:00Z
ROTR,10,Pongakawa Valley Road - Lake Rotoehu,Short Period,2004-07-20T04:29:00Z,2004-08-15T14:06:00Z
ROXO,10,Roxburgh,Portable,2014-03-11T22:25:00Z,2014-10-06T22:00:00Z
RPZ,10,Rata Peaks,,2001-06-06T00:00:00Z,9999-01-01T00:00:00Z
RPZ,11,Rata Peaks,,2020-05-01T07:34:00Z,9999-01-01T00:00:00Z
RPZ,20,Rata Peaks,,2001-06-06T00:00:00Z,2015-10-14T23:00:00Z
RRRZ,10,Republican Road,,2007-12-11T01:00:00Z,9999-01-01T00:00:00Z
RT01,10,MRP Rotokawa 01,Portable,2008-07-02T21:40:00Z,9999-01-01T00:00:00Z
RT02,10,MRP Rotokawa 02,Portable,2008-07-02T21:27:01Z,2012-10-29T00:00:00Z
RT03,10,MRP Rotokawa 03,Portable,2008-07-03T02:58:22Z,2009-08-14T00:00:00Z
RT05,10,MRP Rotokawa 05,Portable,2008-07-02T22:31:00Z,9999-01-01T00:00:00Z
RT06,10,MRP Rotokawa 06,Portable,2008-07-03T02:58:22Z,2012-10-29T00:00:00Z
RT07,10,MRP Rotokawa 07,Portable,2008-07-02T22:54:02Z,2013-03-14T23:00:00Z
RT08,10,MRP Rotokawa 08,Portable,2008-07-03T00:30:00Z,2012-10-29T00:00:00Z
RT09,10,MRP Rotokawa 09,Portable,2008-10-30T01:01:01Z,2012-10-29T00:00:00Z
RT10,10,MRP Rotokawa 10,Portable,2008-10-30T00:01:01Z,2009-06-22T00:00:00Z
RT11,10,MRP Rotokawa 11,Portable,2009-03-13T00:00:01Z,2015-06-24T00:00:00Z
RT12,10,MRP Rotokawa 12,Portable,2011-05-29T00:00:10Z,9999-01-01T00:00:00Z
RT13,10,MRP Rotokawa 13,Portable,2012-10-29T00:00:25Z,2015-03-26T02:02:51Z
RT14,10,MRP Rotokawa 14,Portable,2012-10-29T00:00:25Z,9999-01-01T00:00:00Z
RT15,10,MRP Rotokawa 15,Portable,2012-11-01T00:00:20Z,2013-03-14T23:00:00Z
RT16,10,MRP Rotokawa 16,Portable,2012-11-01T00:00:20Z,2013-03-14T23:00:00Z
RT17,10,MRP Rotokawa 17,Portable,2012-11-01T00:00:20Z,9999-01-01T00:00:00Z
RT18,10,MRP Rotokawa 18,Portable,2013-03-14T23:02:00Z,9999-01-01T00:00:00Z
RT19,10,MRP Rotokawa 19,Portable,2013-03-14T23:02:00Z,9999-01-01T00:00:00Z
RT20,10,MRP Rotokawa 20,Portable,2013-03-14T23:02:00Z,2013-08-28T00:00:00Z
RT21,10,MRP Rotokawa 21,Portable,2013-08-28T02:00:00Z,9999-01-01T00:00:00Z
RT22,10,MRP Rotokawa 22,Portable,2015-06-24T23:06:00Z,9999-01-01T00:00:00Z
RT23,10,MRP Rotokawa 23,Portable,2015-06-25T00:32:00Z,9999-01-01T00:00:00Z
RTKC,10,Rangitaiki,,2001-01-12T00:00:01Z,2001-06-26T15:50:00Z
RTZ,10,Ruatahuna,,2011-05-05T00:05:00Z,9999-01-01T00:00:00Z
RUAE,10,Ruatahunga,Short Period,1994-07-28T07:44:00Z,1994-12-13T16:23:00Z
RUGF,10,Rugged Mountain,Portable,2007-10-17T23:59:02Z,2007-11-27T22:00:00Z
RUGZ,10,Raukumara Range,,2011-05-19T03:00:00Z,9999-01-01T00:00:00Z
RUNE,10,Cape Runaway,Short Period,1994-08-05T02:37:00Z,1994-12-18T22:55:00Z
RUZ,10,Navawan,Short Period,1990-08-14T08:30:00Z,1992-05-19T07:21:00Z
RVAZ,10,Lathrope Road,,2008-04-02T01:00:00Z,9999-01-01T00:00:00Z
RVAZ,11,Lathrope Road,Surface,2014-05-19T00:05:00Z,2014-09-11T00:00:00Z
SAND,10,Sandy Knolls,Portable,2010-09-05T06:54:02Z,2010-09-29T00:00:00Z
SBYF,10,Supply Bay,Short Period,1993-03-22T04:51:00Z,1993-08-27T00:15:00Z
SCHC,10,Scheres Farm,,2001-01-17T09:59:00Z,2001-06-27T20:55:00Z
SCLF,10,Secretary Lake,Short Period,2003-08-24T03:38:00Z,2003-09-12T16:59:00Z
SECF,10,Secretary Island,Short Period,2003-08-23T04:53:00Z,2004-05-12T17:31:00Z
SIZ,10,Horseshoe Bay,Short Period,1990-12-14T11:46:00Z,2001-10-23T22:04:00Z
SKTD,10,Skate,Portable,2010-09-05T04:01:00Z,2010-09-28T23:59:00Z
SM01,10,MRP Mokai 01,Portable,2013-06-12T23:04:00Z,2013-10-03T22:49:00Z
SM02,10,MRP Mokai 02,Portable,2013-06-12T00:10:00Z,9999-01-01T00:00:00Z
SM03,10,MRP Mokai 03,Portable,2013-06-12T00:33:00Z,2013-07-19T00:00:00Z
SM04,10,MRP Mokai 04,Portable,2013-06-12T22:09:00Z,9999-01-01T00:00:00Z
SM05,10,MRP Mokai 05,Portable,2013-06-12T23:02:00Z,9999-01-01T00:00:00Z
SM06,10,MRP Mokai 06,Portable,2013-06-12T01:55:00Z,9999-01-01T00:00:00Z
SM07,10,MRP Mokai 07,Portable,2013-06-12T22:55:00Z,9999-01-01T00:00:00Z
SM08,10,MRP Mokai 08,Portable,2013-06-11T22:41:00Z,2014-08-25T03:57:00Z
SM09,10,MRP Mokai 09,Portable,2013-06-11T23:28:00Z,2013-10-03T20:30:00Z
SM10,10,MRP Mokai 10,Portable,2013-06-12T21:44:00Z,9999-01-01T00:00:00Z
SM11,10,MRP Mokai 11,Portable,2013-07-24T00:01:00Z,2014-08-25T21:45:00Z
SM13,10,MRP Mokai 13,Portable,2013-10-03T23:23:10Z,9999-01-01T00:00:00Z
SM14,10,MRP Mokai 14,Portable,2014-02-11T03:09:00Z,2014-08-26T00:46:00Z
SM15,10,MRP Mokai 15,Portable,2014-08-25T23:05:00Z,9999-01-01T00:00:00Z
SM16,10,MRP Mokai 16,Portable,2014-08-26T23:05:00Z,9999-01-01T00:00:00Z
SM17,10,MRP Mokai 17,Portable,2014-08-26T01:51:00Z,9999-01-01T00:00:00Z
SM1F,20,Muller Station,,2013-08-21T14:50:00Z,2013-11-19T10:00:00Z
SM2F,20,Gladstone Station,,2013-08-21T10:10:00Z,2013-11-19T10:00:00Z
SM3F,10,Glen Orkney Station Temp,Portable,2016-12-01T00:00:01Z,2017-11-02T10:06:00Z
SMCF,10,Smithy Creek,Short Period,1993-03-18T10:04:00Z,1993-06-19T19:26:00Z
SNGZ,10,Shannon Station,,2009-06-08T03:00:00Z,9999-01-01T00:00:00Z
SNVZ,10,South Ngauruhoe,,2015-03-27T02:00:00Z,9999-01-01T00:00:00Z
SNVZ,30,South Ngauruhoe,,2020-02-20T04:50:00Z,9999-01-01T00:00:00Z
SPCM,10,Serpentine Creek,Short Period,1993-10-21T02:49:00Z,1994-03-04T00:18:00Z
SPCV,10,Supper Cove,Portable,2009-07-17T04:01:00Z,2009-09-14T23:44:00Z
SPNN,10,Sugar Loaf,Short Period,1994-04-17T00:54:00Z,1994-05-24T17:59:00Z
SRWM,10,St. Ronan's Well,Short Period,1993-10-21T02:48:00Z,1994-02-28T02:25:00Z
STLD,10,Steel,Portable,2010-09-05T01:04:00Z,2010-09-29T00:00:00Z
SUMT,40,Sumner Head,,2010-08-11T00:00:00Z,9999-01-01T00:00:00Z
SUMT,41,Sumner Head,,2010-08-11T00:00:00Z,9999-01-01T00:00:00Z
SUTO,10,Sutton,Portable,2014-03-13T02:45:00Z,2014-10-08T02:00:00Z
SWDO,10,Sherwood Downs,Portable,2014-10-14T00:01:00Z,2015-04-09T23:59:00Z
SWRV,10,Swamp Road,Short Period,1995-09-26T07:39:00Z,1996-01-09T01:00:00Z
SYZ,10,Waikawa Valley,,2006-05-05T00:20:00Z,9999-01-01T00:00:00Z
SYZ,20,Waikawa Valley,,2006-05-05T00:20:00Z,2017-05-22T06:17:00Z
SYZ,20,Waikawa Valley,Strong Motion,2017-05-22T06:17:01Z,9999-01-01T00:00:00Z
TACF,10,Te Anau Control Gates,Short Period,1993-03-24T04:20:00Z,1993-06-03T11:18:00Z
TAE,10,Tora,Short Period,1990-10-05T10:47:00Z,1990-10-08T20:12:00Z
TAHR,10,Taheke,Short Period,2004-07-20T02:46:00Z,2004-07-28T23:30:00Z
TAIA,10,Taipo River,Short Period,1994-06-23T05:27:00Z,1994-06-25T13:56:00Z
TAIO,10,Taieri,Portable,2014-03-10T23:31:00Z,2014-10-06T02:00:00Z
TAMF,10,Te Anau Motor Camp,Short Period,2003-08-22T08:43:00Z,2003-08-24T10:31:00Z
TANF,10,Mount Tanilba,Portable,2007-10-17T20:10:01Z,2007-11-27T22:00:00Z
TAOV,10,Tarawera Outlet,Short Period,1995-01-29T04:51:00Z,1995-06-05T12:47:00Z
TARC,10,Tara,Short Period,2001-01-10T10:12:00Z,2001-06-24T00:10:00Z
TARZ,10,Mount Tarawera,,2007-11-22T01:00:00Z,9999-01-01T00:00:00Z
TAUC,10,Tauhara (Mountain Road),,2001-01-11T20:41:00Z,2001-06-25T16:25:00Z
TAUG,10,Tauwhareparae School,Short Period,1993-08-12T05:30:00Z,1993-09-08T23:09:00Z
TAUT,40,Port of Tauranga,,2008-05-21T00:00:00Z,9999-01-01T00:00:00Z
TAUT,41,Port of Tauranga,,2008-05-21T00:00:00Z,9999-01-01T00:00:00Z
TAZ,10,Mount Tarawera,,2007-11-21T21:00:01Z,2007-12-17T06:00:00Z
TBLO,10,Table Hill,Portable,2014-03-11T02:50:00Z,2014-10-06T04:00:00Z
TCW,10,Tory Channel,,2005-04-20T14:49:00Z,9999-01-01T00:00:00Z
TCW,20,Tory Channel,,2011-03-25T00:00:02Z,9999-01-01T00:00:00Z
TDE,10,Te Anau Downs,Short Period,1989-06-02T14:12:00Z,1989-06-10T12:00:00Z
TDL,10,Te Anau Downs,Short Period,1988-06-06T10:09:00Z,1988-06-11T05:00:00Z
TEAC,10,Te Apiti,Short Period,2001-01-09T11:09:00Z,2001-06-24T14:11:00Z
TEAV,10,Te Ana,Short Period,1995-01-10T09:08:00Z,1995-05-20T20:23:00Z
TEKE,10,Te Kaha,Short Period,1994-08-05T21:50:00Z,1994-12-18T00:36:00Z
TETC,10,Te Tarata,,2001-01-10T12:20:00Z,2001-04-28T10:45:00Z
TEU,10,Te Uri,Short Period,1990-02-20T02:23:00Z,1990-05-17T17:11:00Z
TGRZ,10,Welcome Bay Road,,2003-02-18T08:00:01Z,9999-01-01T00:00:00Z
THLX,10,Tinakori Hill,,2014-08-25T00:05:00Z,2015-03-24T00:00:00Z
THLX,20,Tinakori Hill,,2014-08-25T00:05:00Z,2015-03-24T00:00:00Z
THQ2,10,Tauhara North,,2012-12-18T01:00:00Z,9999-01-01T00:00:00Z
THZ,10,Top House Station,,2003-08-08T03:21:00Z,9999-01-01T00:00:00Z
THZ,10,Top House Station,Short Period,1989-12-02T09:50:00Z,2003-08-08T02:05:00Z
THZ,11,Top House Station,Short Period,1990-05-19T12:19:00Z,2003-09-24T11:54:00Z
THZ,12,Top House Station,Short Period,1990-05-19T12:19:00Z,1998-10-09T20:57:00Z
THZ,20,Top House Station,,2003-08-08T00:00:00Z,2014-04-03T13:55:00Z
TIKO,10,Tikorangi,,2002-08-28T19:48:00Z,2003-01-20T09:54:00Z
TITC,10,Titirangi,Short Period,2001-01-08T13:33:00Z,2001-06-24T00:09:00Z
TIWZ,10,Tintock,,2006-03-07T12:00:02Z,9999-01-01T00:00:00Z
TKF,10,Knob's Flat,Short Period,1988-06-06T05:58:00Z,1988-06-10T22:47:00Z
TKGZ,10,Rangatira Station,,2010-03-13T06:05:00Z,9999-01-01T00:00:00Z
TKNZ,10,Takaka Hill,,2014-06-18T00:00:10Z,9999-01-01T00:00:00Z
TKTH,10,Tekoteko,Short Period,1994-01-27T21:07:00Z,1994-04-16T01:06:00Z
TLBF,10,Mount Tanilba,Short Period,2000-11-03T21:48:00Z,2000-11-18T04:29:00Z
TLZ,10,Tolley Road,,2009-05-07T01:00:00Z,9999-01-01T00:00:00Z
TLZ,20,Tolley Road,,2009-05-07T01:00:00Z,9999-01-01T00:00:00Z
TMVZ,10,Te Maari,,2013-05-14T00:03:10Z,9999-01-01T00:00:00Z
TMVZ,30,Te Maari,,2013-05-14T03:00:00Z,9999-01-01T00:00:00Z
TMWZ,10,Te Maipa,,2007-02-23T21:18:00Z,9999-01-01T00:00:00Z
TOAE,10,Toatoa,Short Period,1994-08-07T11:27:00Z,1994-12-17T20:44:00Z
TON1,10,Tongariro 1,Portable,2012-07-20T21:45:00Z,2013-06-07T00:00:00Z
TON2,10,Tongariro 2,,2012-07-20T21:30:00Z,2012-10-12T00:00:00Z
TON2,11,Tongariro 2,Portable,2012-07-27T00:01:00Z,2012-10-12T00:00:00Z
TON3,10,East Tongariro,Portable,2012-07-20T23:10:00Z,2013-06-07T00:00:00Z
TON4,10,Tongariro 4,Portable,2012-07-20T23:05:01Z,2013-06-07T00:00:00Z
TON7,10,Tongariro 7,Portable,2012-08-23T00:01:00Z,2013-06-07T00:00:00Z
TON8,10,North Tongariro,,2013-06-07T01:02:00Z,2014-11-06T23:59:00Z
TONV,10,Tongariro River,Short Period,1995-09-26T01:42:00Z,1995-10-20T15:09:00Z
TOPV,10,Top of the Bruce,Short Period,1995-09-28T02:46:00Z,1995-12-16T10:56:00Z
TOTM,10,Totaranui,Short Period,1993-10-25T06:51:00Z,1994-02-28T21:06:00Z
TOVZ,30,Turoa Road End,,2009-02-11T04:00:00Z,9999-01-01T00:00:00Z
TOZ,10,Tahuroa Road,,1998-10-15T00:00:00Z,9999-01-01T00:00:00Z
TOZ,20,Tahuroa Road,,1998-10-15T00:00:00Z,9999-01-01T00:00:00Z
TRLG,10,Tiniroto Lakes,Short Period,1993-08-13T06:32:00Z,1993-09-09T01:01:00Z
TRN,10,Tarndale,Short Period,1990-02-15T23:35:00Z,1990-02-17T13:26:00Z
TRVZ,10,Turoa Top of Giant,,2005-03-16T01:00:00Z,9999-01-01T00:00:00Z
TRVZ,30,Turoa Top of Giant,,2009-04-14T22:15:00Z,9999-01-01T00:00:00Z
TRWZ,10,Traveller,,2005-06-22T00:00:00Z,9999-01-01T00:00:00Z
TSZ,10,Takapari Road,,2004-01-26T00:00:00Z,9999-01-01T00:00:00Z
TSZ,20,Takapari Road,,2004-01-26T00:00:00Z,2013-07-01T23:00:00Z
TTTV,10,Torepatutahi,Short Period,1995-01-10T16:31:00Z,1995-01-20T19:28:00Z
TUKC,10,Tukairangi Road,,2001-02-25T02:59:00Z,2001-06-24T18:44:00Z
TURV,10,Turoa Top of Giant,Short Period,1995-10-01T11:08:00Z,1996-01-08T22:57:00Z
TUTO,10,Tuturau,Portable,2014-03-16T23:10:00Z,2014-09-13T00:00:00Z
TUVZ,10,Tukino,,2004-06-01T21:00:00Z,9999-01-01T00:00:00Z
TUVZ,11,Chateau Observatory,Telemetry,2004-06-01T21:00:00Z,2005-08-28T03:00:00Z
TUWZ,10,Tuamarina,,2004-05-05T00:00:00Z,9999-01-01T00:00:00Z
TUWZ,20,Tuamarina,,2016-12-07T00:00:05Z,9999-01-01T00:00:00Z
TUZ,10,Tuapeka,,2003-09-10T00:00:00Z,9999-01-01T00:00:00Z
TUZ,10,Tuapeka,Short Period,1991-04-04T17:54:00Z,2003-09-09T20:46:00Z
TUZ,20,Tuapeka,,2003-09-10T00:00:00Z,2015-10-27T05:00:00Z
TWGZ,10,Tauwhareparae Station,,2009-12-09T12:05:00Z,9999-01-01T00:00:00Z
TWKH,10,Tawhitikuri,Short Period,1994-02-11T05:15:00Z,1994-03-24T16:44:00Z
TWVZ,10,Taurewa,,2004-05-18T02:00:00Z,9999-01-01T00:00:00Z
UNK,10,Donkey Creek,Short Period,1991-01-29T23:15:00Z,1991-02-04T20:42:00Z
URZ,10,Matahi Valley,,2001-05-21T00:00:00Z,9999-01-01T00:00:00Z
URZ,11,Matahi Valley,Short Period,1990-10-09T06:44:00Z,2001-12-20T06:52:00Z
URZ,20,Matahi Valley,,2001-05-21T00:00:00Z,2014-05-27T00:00:00Z
UTU,10,Utuhina,,2006-02-11T00:00:01Z,9999-01-01T00:00:00Z
VEGH,10,Venture Gorge,Short Period,2005-05-04T13:23:00Z,2005-05-28T01:53:00Z
VERM,10,Vernon,Short Period,1994-03-03T04:20:00Z,1994-03-11T13:07:00Z
VRZ,10,Vera Road,,2003-11-26T00:00:00Z,9999-01-01T00:00:00Z
VRZ,20,Vera Road,,2003-11-26T00:00:00Z,2014-03-19T00:00:00Z
WACZ,10,Wakanui,,2013-04-03T05:00:00Z,9999-01-01T00:00:00Z
WAIA,10,Waimakariri,Short Period,1994-06-24T00:42:00Z,1994-07-01T05:04:00Z
WAIC,10,Waipapa,,2001-01-16T11:53:00Z,2001-06-27T20:55:00Z
WAIM,10,Waihopai,Short Period,1993-10-19T06:34:00Z,1994-03-12T01:55:00Z
WAKS,20,Wakarara,Strong Motion,2019-09-10T02:50:00Z,9999-01-01T00:00:00Z
WANA,10,"Mount Barker Road, Wanaka",Short Period,1995-11-12T00:00:01Z,1996-04-19T04:49:59Z
WATZ,10,Waihaha,,2003-04-03T05:00:00Z,9999-01-01T00:00:00Z
WAU,10,Waiau River,Short Period,1990-02-12T03:34:00Z,1990-02-14T13:54:00Z
WAZ,10,Tokomaru West Road,,2003-07-18T00:00:00Z,9999-01-01T00:00:00Z
WAZ,20,Tokomaru West Road,,2003-07-18T00:00:00Z,2013-12-22T00:00:00Z
WBR,10,Weber Park Road,Short Period,1990-05-13T23:00:00Z,1990-05-17T14:00:00Z
WCZ,10,Waipu Caves,,2002-08-29T18:25:00Z,9999-01-01T00:00:00Z
WCZ,10,Waipu Caves,Short Period,1990-10-13T22:56:00Z,1999-06-25T02:45:00Z
WCZ,20,Waipu Caves,,2003-08-26T00:00:00Z,9999-01-01T00:00:00Z
WDSZ,10,Whataroa DFDP2 Whataroa River Valley (WDSZ),,2014-06-23T00:00:05Z,9999-01-01T00:00:00Z
WEL,10,Wellington Dominion Observatory,,2008-12-18T01:15:00Z,9999-01-01T00:00:00Z
WEL,10,Wellington Dominion Observatory,Earss,1987-08-18T10:48:00Z,1995-06-22T18:31:00Z
WEL,11,Wellington Dominion Observatory,SNARE Network,1986-09-22T00:00:00Z,1990-10-02T18:00:00Z
WEL,11,Wellington Dominion Observatory,Short Period,1994-11-25T23:58:00Z,1995-06-22T18:31:00Z
WEL,13,Wellington Dominion Observatory Integration,,2021-03-30T03:00:00Z,9999-01-01T00:00:00Z
WEL,20,Wellington Dominion Observatory,,2003-04-08T00:00:01Z,9999-01-01T00:00:00Z
WEL,21,Wellington Dominion Observatory,Earss,1990-10-03T14:20:00Z,2003-09-19T23:10:00Z
WHAO,10,Waihao,Portable,2014-10-13T01:01:00Z,2015-04-12T01:00:00Z
WHAT,10,Whanawhana,Short Period,1993-04-12T23:09:00Z,1993-04-15T23:27:00Z
WHHZ,10,Waihua,,2009-06-07T22:40:05Z,9999-01-01T00:00:00Z
WHRZ,10,Whale Island,,2011-06-27T01:00:00Z,9999-01-01T00:00:00Z
WHSZ,10,Whataroa River,,2020-06-19T00:00:00Z,9999-01-01T00:00:00Z
WHTZ,10,Whakaroa,,2003-03-26T05:00:02Z,9999-01-01T00:00:00Z
WHVZ,10,Whangaehu Hut,,2009-04-14T00:30:00Z,9999-01-01T00:00:00Z
WHVZ,30,Whangaehu Hut,,2009-03-25T04:00:00Z,9999-01-01T00:00:00Z
WHZ,10,Wether Hill Road,,2001-04-07T21:53:00Z,9999-01-01T00:00:00Z
WHZ,10,Wether Hill Road,Short Period,1993-03-22T15:45:00Z,2001-04-05T14:34:00Z
WHZ,11,Wether Hill Road,Short Period,2001-04-08T10:20:00Z,2001-10-08T17:24:00Z
WHZ,20,Wether Hill Road,,2001-04-05T00:00:00Z,2014-06-05T05:00:00Z
WI01,10,White Island 01,Portable,2011-06-13T00:01:00Z,2018-05-19T00:00:00Z
WI02,10,White Island 02,Portable,2011-06-14T00:45:02Z,2018-05-19T00:00:00Z
WI03,10,White Island 03,Portable,2011-06-13T22:27:02Z,2018-05-19T00:00:00Z
WI04,10,White Island 04,Portable,2011-06-13T23:05:02Z,2018-05-19T00:00:00Z
WI05,10,White Island 05,Portable,2011-06-13T21:40:02Z,2011-11-23T00:00:00Z
WI06,10,White Island 06,Portable,2011-06-13T01:12:02Z,2011-11-23T00:00:00Z
WI07,10,White Island 07,Portable,2011-06-13T00:12:02Z,2011-11-23T00:00:00Z
WI08,10,White Island 08,Portable,2011-06-13T22:06:12Z,2011-11-23T00:00:00Z
WI09,10,White Island 09,Portable,2011-06-13T22:56:02Z,2011-11-23T00:00:00Z
WI10,10,White Island 10,Portable,2011-06-13T02:18:02Z,2011-11-23T00:00:00Z
WI12,10,White Island 12,Portable,2011-06-13T00:01:02Z,2011-11-23T00:00:00Z
WI13,10,White Island 13,Portable,2011-06-13T00:00:02Z,2018-05-19T00:00:00Z
WI14,10,White Island 14,Portable,2011-06-13T00:00:02Z,2011-11-23T00:00:00Z
WI15,10,White Island 15,Portable,2011-06-13T00:00:02Z,2011-11-23T00:00:00Z
WIAZ,10,Waiheke Station,,2010-07-27T03:15:00Z,9999-01-01T00:00:00Z
WILA,10,Wilberforce,Short Period,1994-06-21T21:27:00Z,1994-06-28T23:34:00Z
WIZ,10,White Island - South Rim,,2006-09-19T00:00:01Z,9999-01-01T00:00:00Z
WIZ,30,White Island - South Rim,,2006-09-19T00:00:01Z,9999-01-01T00:00:00Z
WIZ,31,White Island - South Rim,,2015-01-22T00:00:00Z,9999-01-01T00:00:00Z
WIZ,32,White Island - South Rim,,2015-01-22T00:00:00Z,9999-01-01T00:00:00Z
WKA,10,Wairakei A,Short Period,1990-08-10T18:28:00Z,1990-08-19T01:52:00Z
WKB,10,Wairakei B,Short Period,1990-08-13T10:46:00Z,1990-08-22T20:55:00Z
WKC,10,Wairakei C,Short Period,1990-08-10T18:28:00Z,1990-08-22T20:55:00Z
WKIO,10,Waikaia,Portable,2014-03-19T00:50:00Z,2014-09-14T00:00:00Z
WKTO,10,Waikouaiti,Portable,2014-09-17T03:10:00Z,2015-04-15T07:00:00Z
WKZ,10,Branch Creek Road,,2004-06-03T00:00:00Z,9999-01-01T00:00:00Z
WKZ,20,Branch Creek Road,,2004-06-03T00:00:00Z,9999-01-01T00:00:00Z
WLGT,40,Queen's Wharf Shed 1,,2007-03-06T00:00:00Z,9999-01-01T00:00:00Z
WLGT,41,Queen's Wharf Shed 1,,2007-03-06T00:00:00Z,9999-01-01T00:00:00Z
WLZ,10,Whitehall,Short Period,1989-10-30T13:35:00Z,1998-12-07T18:14:00Z
WLZ,11,Whitehall,Short Period,1990-03-29T10:44:00Z,1993-11-03T23:38:00Z
WLZ,12,Whitehall,Short Period,1990-03-29T10:44:00Z,1993-11-03T23:38:00Z
WMAE,10,Waimaha,Short Period,1994-07-31T05:58:00Z,1994-12-11T20:14:00Z
WMGZ,10,Waiomatatini Station,,2009-12-10T08:05:00Z,9999-01-01T00:00:00Z
WMGZ,20,Waiomatatini Station,,2016-09-04T06:30:00Z,9999-01-01T00:00:00Z
WMHO,10,Waimahaka,Portable,2014-03-20T01:10:01Z,2014-09-14T00:00:00Z
WMSZ,10,Whataroa DFDP2 Mint Creek,,2014-06-23T00:00:05Z,9999-01-01T00:00:00Z
WNUV,10,Wharenui,Short Period,1995-01-09T13:07:00Z,1995-06-06T14:45:00Z
WNVZ,10,Wahianoa,,2004-04-15T00:00:01Z,2010-04-08T21:50:00Z
WNVZ,11,Wahianoa,,2010-04-09T02:30:00Z,9999-01-01T00:00:00Z
WNVZ,30,Wahianoa,,2017-05-31T19:00:00Z,9999-01-01T00:00:00Z
WNVZ,90,Wahianoa,,2011-02-10T01:00:00Z,9999-01-01T00:00:00Z
WOOE,10,Woodgreen Station,Short Period,1994-08-08T03:27:00Z,1994-12-09T19:45:00Z
WPAO,10,Waipahi,Portable,2014-03-17T01:20:00Z,2014-09-12T04:00:00Z
WPHZ,10,The Home Place,,2006-10-19T20:38:00Z,9999-01-01T00:00:00Z
WPOE,10,Waipaoa,Short Period,1994-07-30T02:28:00Z,1994-12-11T01:06:00Z
WPRZ,10,Whakapapataringa,,2010-03-25T03:36:01Z,9999-01-01T00:00:00Z
WPSZ,10,Whataroa DFDP2 Whataroa River Valley (WPSZ),,2014-06-23T00:00:05Z,9999-01-01T00:00:00Z
WPVZ,10,Whakapapa,,2003-12-10T11:00:02Z,2010-11-30T22:00:00Z
WQSZ,10,Whataroa DFDP2 Quarry,,2014-06-23T00:00:05Z,9999-01-01T00:00:00Z
WRAV,10,Wairua,Short Period,1995-01-13T10:42:00Z,1998-04-05T21:40:00Z
WROM,10,White Rock,Short Period,1993-11-04T10:07:00Z,1994-03-06T14:25:00Z
WSRZ,10,White Island - Summit,,2013-04-08T04:00:00Z,9999-01-01T00:00:00Z
WSRZ,30,White Island - Summit,,2013-04-08T04:00:00Z,9999-01-01T00:00:00Z
WSRZ,31,White Island - Summit,,2014-11-20T02:00:00Z,2018-05-28T21:00:00Z
WSRZ,32,White Island - Summit,,2014-11-20T02:00:00Z,2018-05-28T21:00:00Z
WSRZ,33,White Island - Summit,,2018-05-28T22:15:00Z,9999-01-01T00:00:00Z
WSRZ,34,White Island - Summit,,2018-05-28T22:15:00Z,9999-01-01T00:00:00Z
WTA,10,Waitahora,Short Period,1990-02-19T21:40:00Z,1990-05-17T20:29:00Z
WTAC,10,Waitaha,Short Period,2001-01-12T08:37:00Z,2001-06-26T19:07:00Z
WTAZ,10,Waiatarua,,2006-12-13T02:20:01Z,9999-01-01T00:00:00Z
WTAZ,11,Waiatarua,,2007-05-07T01:00:00Z,2007-05-14T02:30:00Z
WTPV,10,Waiotapu,Short Period,1995-01-12T09:04:00Z,1995-05-23T00:12:00Z
WTSZ,10,Whataroa DFDP2 Whataroa River Valley (WTSZ),,2014-06-23T00:00:05Z,9999-01-01T00:00:00Z
WTVZ,10,West Tongariro,,2004-03-04T23:00:00Z,9999-01-01T00:00:00Z
WTVZ,30,West Tongariro,,2013-09-18T02:06:00Z,9999-01-01T00:00:00Z
WVRV,10,Whirinaki West,Short Period,1995-01-13T16:07:00Z,1995-05-14T15:44:00Z
WVZ,10,Waitaha Valley,,2003-09-06T00:00:00Z,9999-01-01T00:00:00Z
WVZ,10,Waitaha Valley,Short Period,1990-05-16T14:12:00Z,2003-09-05T23:51:00Z
WVZ,11,Waitaha Valley,Short Period,2003-09-06T10:56:00Z,2003-12-11T16:33:00Z
WVZ,20,Waitaha Valley,,2003-09-06T00:00:00Z,2011-10-10T00:00:00Z
WWRF,10,White Water River,Short Period,1993-03-20T06:03:00Z,1993-06-25T07:15:00Z
YARM,10,Yarra River,Short Period,1993-11-23T05:18:00Z,1994-03-11T18:48:00Z
YUPC,10,Yup Farm,,2001-01-15T11:33:00Z,2001-06-27T20:55:00Z
ZIHA,10,Zillian Hill,Short Period,1999-08-01T08:42:00Z,2005-05-20T12:47:00Z
